1,3,AA,N338AA,1,12478,JFK,12892,LAX,900,914,14,1225,1238,13,385,2475
2,4,AA,N338AA,1,12478,JFK,12892,LAX,900,857,0,1225,1226,1,385,2475
4,6,AA,N327AA,1,12478,JFK,12892,LAX,900,1005,65,1225,1324,59,385,2475
5,7,AA,N323AA,1,12478,JFK,12892,LAX,900,1050,110,1225,1415,110,385,2475
6,1,AA,N319AA,1,12478,JFK,12892,LAX,900,917,17,1225,1217,0,385,2475
7,2,AA,N328AA,1,12478,JFK,12892,LAX,900,910,10,1225,1212,0,385,2475
8,3,AA,N323AA,1,12478,JFK,12892,LAX,900,923,23,1225,1215,0,385,2475
9,4,AA,N339AA,1,12478,JFK,12892,LAX,900,859,0,1225,1204,0,385,2475
10,5,AA,N319AA,1,12478,JFK,12892,LAX,900,929,29,1225,1245,20,385,2475
11,6,AA,N328AA,1,12478,JFK,12892,LAX,900,915,15,1225,1344,79,385,2475
12,7,AA,N338AA,1,12478,JFK,12892,LAX,900,854,0,1225,1208,0,385,2475
13,1,AA,N332AA,1,12478,JFK,12892,LAX,900,855,0,1225,1152,0,385,2475
14,2,AA,N339AA,1,12478,JFK,12892,LAX,900,853,0,1225,1144,0,385,2475
15,3,AA,N786AA,1,12478,JFK,12892,LAX,900,851,0,1225,1201,0,385,2475
16,4,AA,N783AA,1,12478,JFK,12892,LAX,900,856,0,1225,1216,0,385,2475
17,5,AA,N783AA,1,12478,JFK,12892,LAX,900,855,0,1225,1154,0,385,2475
18,6,AA,N783AA,1,12478,JFK,12892,LAX,900,854,0,1225,1156,0,385,2475
19,7,AA,N786AA,1,12478,JFK,12892,LAX,900,858,0,1225,1152,0,385,2475
20,1,AA,N783AA,1,12478,JFK,12892,LAX,900,855,0,1225,1209,0,385,2475
21,2,AA,N783AA,1,12478,JFK,12892,LAX,900,858,0,1225,1229,4,385,2475
23,4,AA,N787AA,1,12478,JFK,12892,LAX,900,1136,156,1225,1433,128,385,2475
24,5,AA,N785AA,1,12478,JFK,12892,LAX,900,856,0,1225,1158,0,385,2475
25,6,AA,N785AA,1,12478,JFK,12892,LAX,900,856,0,1225,1217,0,385,2475
26,7,AA,N784AA,1,12478,JFK,12892,LAX,900,852,0,1225,1226,1,385,2475
27,1,AA,N783AA,1,12478,JFK,12892,LAX,900,853,0,1225,1228,3,385,2475
28,2,AA,N783AA,1,12478,JFK,12892,LAX,900,903,3,1225,1237,12,385,2475
29,3,AA,N785AA,1,12478,JFK,12892,LAX,900,904,4,1225,1230,5,385,2475
30,4,AA,N783AA,1,12478,JFK,12892,LAX,900,907,7,1225,1247,22,385,2475
31,5,AA,N785AA,1,12478,JFK,12892,LAX,900,855,0,1225,1225,0,385,2475
1,3,AA,N339AA,2,12892,LAX,12478,JFK,930,1132,122,1800,1951,111,330,2475
2,4,AA,N319AA,2,12892,LAX,12478,JFK,930,932,2,1800,1822,22,330,2475
4,6,AA,N332AA,2,12892,LAX,12478,JFK,930,924,0,1800,1733,0,330,2475
5,7,AA,N339AA,2,12892,LAX,12478,JFK,930,938,8,1800,1816,16,330,2475
6,1,AA,N338AA,2,12892,LAX,12478,JFK,930,934,4,1800,1751,0,330,2475
7,2,AA,N339AA,2,12892,LAX,12478,JFK,930,925,0,1800,1730,0,330,2475
8,3,AA,N332AA,2,12892,LAX,12478,JFK,930,926,0,1800,1809,9,330,2475
9,4,AA,N328AA,2,12892,LAX,12478,JFK,930,925,0,1800,1737,0,330,2475
10,5,AA,N336AA,2,12892,LAX,12478,JFK,930,928,0,1800,1753,0,330,2475
11,6,AA,N338AA,2,12892,LAX,12478,JFK,930,930,0,1800,1802,2,330,2475
12,7,AA,N339AA,2,12892,LAX,12478,JFK,930,1048,78,1800,1906,66,330,2475
13,1,AA,N328AA,2,12892,LAX,12478,JFK,930,929,0,1800,1747,0,330,2475
14,2,AA,N336AA,2,12892,LAX,12478,JFK,930,926,0,1800,1812,12,330,2475
15,3,AA,N319AA,2,12892,LAX,12478,JFK,930,922,0,1800,1756,0,330,2475
16,4,AA,N338AA,2,12892,LAX,12478,JFK,930,942,12,1800,1802,2,330,2475
17,5,AA,N332AA,2,12892,LAX,12478,JFK,930,928,0,1800,1754,0,330,2475
18,6,AA,N339AA,2,12892,LAX,12478,JFK,930,926,0,1800,1807,7,330,2475
19,7,AA,N332AA,2,12892,LAX,12478,JFK,930,932,2,1800,1745,0,330,2475
20,1,AA,N339AA,2,12892,LAX,12478,JFK,930,952,22,1800,1758,0,330,2475
22,3,AA,N319AA,2,12892,LAX,12478,JFK,930,930,0,1800,1739,0,330,2475
23,4,AA,N328AA,2,12892,LAX,12478,JFK,930,924,0,1800,1729,0,330,2475
24,5,AA,N5FCAA,2,12892,LAX,12478,JFK,930,923,0,1800,1804,4,330,2475
25,6,AA,N335AA,2,12892,LAX,12478,JFK,930,921,0,1800,1809,9,330,2475
26,7,AA,N328AA,2,12892,LAX,12478,JFK,930,921,0,1800,1732,0,330,2475
27,1,AA,N352AA,2,12892,LAX,12478,JFK,930,1035,65,1800,1829,29,330,2475
28,2,AA,N332AA,2,12892,LAX,12478,JFK,930,924,0,1800,1728,0,330,2475
29,3,AA,N328AA,2,12892,LAX,12478,JFK,930,921,0,1800,1751,0,330,2475
30,4,AA,N332AA,2,12892,LAX,12478,JFK,930,930,0,1800,1726,0,330,2475
31,5,AA,N328AA,2,12892,LAX,12478,JFK,930,932,2,1800,1723,0,330,2475
1,3,AA,N335AA,3,12478,JFK,12892,LAX,1200,1157,0,1510,1523,13,370,2475
2,4,AA,N332AA,3,12478,JFK,12892,LAX,1200,1157,0,1510,1519,9,370,2475
3,5,AA,N336AA,3,12478,JFK,12892,LAX,1200,1319,79,1510,1622,72,370,2475
4,6,AA,N335AA,3,12478,JFK,12892,LAX,1200,1212,12,1510,1529,19,370,2475
5,7,AA,N332AA,3,12478,JFK,12892,LAX,1200,1309,69,1510,1653,103,370,2475
6,1,AA,N328AA,3,12478,JFK,12892,LAX,1200,1229,29,1510,1534,24,370,2475
7,2,AA,N319AA,3,12478,JFK,12892,LAX,1200,1201,1,1510,1531,21,370,2475
8,3,AA,N335AA,3,12478,JFK,12892,LAX,1200,1207,7,1510,1511,1,370,2475
9,4,AA,N332AA,3,12478,JFK,12892,LAX,1200,1200,0,1510,1516,6,370,2475
10,5,AA,N339AA,3,12478,JFK,12892,LAX,1200,1152,0,1510,1458,0,370,2475
11,6,AA,N335AA,3,12478,JFK,12892,LAX,1200,1159,0,1510,1526,16,370,2475
12,7,AA,N323AA,3,12478,JFK,12892,LAX,1200,1156,0,1510,1455,0,370,2475
13,1,AA,N339AA,3,12478,JFK,12892,LAX,1200,1159,0,1510,1454,0,370,2475
14,2,AA,N338AA,3,12478,JFK,12892,LAX,1200,1157,0,1510,1430,0,370,2475
15,3,AA,N335AA,3,12478,JFK,12892,LAX,1200,1155,0,1525,1445,0,385,2475
16,4,AA,N335AA,3,12478,JFK,12892,LAX,1200,1151,0,1525,1447,0,385,2475
17,5,AA,N319AA,3,12478,JFK,12892,LAX,1200,1226,26,1525,1527,2,385,2475
18,6,AA,N336AA,3,12478,JFK,12892,LAX,1200,1158,0,1525,1450,0,385,2475
19,7,AA,N328AA,3,12478,JFK,12892,LAX,1200,1157,0,1525,1510,0,385,2475
20,1,AA,N332AA,3,12478,JFK,12892,LAX,1200,1159,0,1525,1530,5,385,2475
21,2,AA,N339AA,3,12478,JFK,12892,LAX,1200,1201,1,1525,1535,10,385,2475
22,3,AA,N332AA,3,12478,JFK,12892,LAX,1200,1222,22,1525,1609,44,385,2475
23,4,AA,N784AA,3,12478,JFK,12892,LAX,1200,1213,13,1525,1542,17,385,2475
24,5,AA,N787AA,3,12478,JFK,12892,LAX,1200,1208,8,1525,1515,0,385,2475
25,6,AA,N784AA,3,12478,JFK,12892,LAX,1200,1155,0,1525,1458,0,385,2475
26,7,AA,N783AA,3,12478,JFK,12892,LAX,1200,1222,22,1525,1619,54,385,2475
27,1,AA,N784AA,3,12478,JFK,12892,LAX,1200,1155,0,1525,1525,0,385,2475
28,2,AA,N787AA,3,12478,JFK,12892,LAX,1200,1156,0,1525,1522,0,385,2475
29,3,AA,N783AA,3,12478,JFK,12892,LAX,1200,1215,15,1525,1521,0,385,2475
30,4,AA,N784AA,3,12478,JFK,12892,LAX,1200,1227,27,1525,1554,29,385,2475
31,5,AA,N783AA,3,12478,JFK,12892,LAX,1200,1151,0,1525,1557,32,385,2475
2,4,AA,N335AA,4,12892,LAX,12478,JFK,1200,1324,84,2035,2212,97,335,2475
3,5,AA,N328AA,4,12892,LAX,12478,JFK,1200,1215,15,2035,2108,33,335,2475
5,7,AA,N335AA,4,12892,LAX,12478,JFK,1200,1255,55,2035,2210,95,335,2475
6,1,AA,N332AA,4,12892,LAX,12478,JFK,1200,1205,5,2035,2028,0,335,2475
7,2,AA,N323AA,4,12892,LAX,12478,JFK,1200,1345,105,2035,2151,76,335,2475
8,3,AA,N338AA,4,12892,LAX,12478,JFK,1200,1202,2,2035,2040,5,335,2475
9,4,AA,N335AA,4,12892,LAX,12478,JFK,1200,1156,0,2035,2020,0,335,2475
10,5,AA,N323AA,4,12892,LAX,12478,JFK,1200,1242,42,2035,2054,19,335,2475
12,7,AA,N319AA,4,12892,LAX,12478,JFK,1200,1200,0,2035,2009,0,335,2475
13,1,AA,N335AA,4,12892,LAX,12478,JFK,1200,1153,0,2035,2008,0,335,2475
14,2,AA,N332AA,4,12892,LAX,12478,JFK,1200,1154,0,2035,2037,2,335,2475
15,3,AA,N328AA,4,12892,LAX,12478,JFK,1200,1153,0,2035,2105,30,335,2475
16,4,AA,N336AA,4,12892,LAX,12478,JFK,1200,1157,0,2035,2027,0,335,2475
17,5,AA,N335AA,4,12892,LAX,12478,JFK,1200,1156,0,2035,2035,0,335,2475
19,7,AA,N338AA,4,12892,LAX,12478,JFK,1200,1153,0,2035,2004,0,335,2475
20,1,AA,N328AA,4,12892,LAX,12478,JFK,1200,1155,0,2035,2003,0,335,2475
22,3,AA,N339AA,4,12892,LAX,12478,JFK,1200,1158,0,2035,2000,0,335,2475
23,4,AA,N332AA,4,12892,LAX,12478,JFK,1200,1200,0,2035,2010,0,335,2475
24,5,AA,N335AA,4,12892,LAX,12478,JFK,1200,1154,0,2035,2024,0,335,2475
26,7,AA,N339AA,4,12892,LAX,12478,JFK,1200,1357,117,2035,2210,95,335,2475
27,1,AA,N335AA,4,12892,LAX,12478,JFK,1200,1159,0,2035,2015,0,335,2475
28,2,AA,N338AA,4,12892,LAX,12478,JFK,1200,1151,0,2035,2005,0,335,2475
29,3,AA,N336AA,4,12892,LAX,12478,JFK,1200,1157,0,2035,2018,0,335,2475
30,4,AA,N339AA,4,12892,LAX,12478,JFK,1200,1200,0,2035,2005,0,335,2475
31,5,AA,N338AA,4,12892,LAX,12478,JFK,1200,1226,26,2040,2031,0,340,2475
1,3,AA,N367AA,5,11298,DFW,12173,HNL,1305,1307,2,1745,1746,1,520,3784
2,4,AA,N372AA,5,11298,DFW,12173,HNL,1305,1307,2,1745,1747,2,520,3784
3,5,AA,N391AA,5,11298,DFW,12173,HNL,1305,1757,292,1745,2227,282,520,3784
4,6,AA,N374AA,5,11298,DFW,12173,HNL,1305,1312,7,1745,1805,20,520,3784
5,7,AA,N361AA,5,11298,DFW,12173,HNL,1305,1321,16,1745,1812,27,520,3784
6,1,AA,N380AA,5,11298,DFW,12173,HNL,1305,1340,35,1745,1820,35,520,3784
7,2,AA,N376AA,5,11298,DFW,12173,HNL,1305,1333,28,1745,1820,35,520,3784
8,3,AA,N380AA,5,11298,DFW,12173,HNL,1305,1316,11,1745,1745,0,520,3784
9,4,AA,N342AA,5,11298,DFW,12173,HNL,1305,1311,6,1745,1738,0,520,3784
10,5,AA,N375AA,5,11298,DFW,12173,HNL,1305,1314,9,1745,1738,0,520,3784
11,6,AA,N398AA,5,11298,DFW,12173,HNL,1305,1302,0,1745,1731,0,520,3784
12,7,AA,N354AA,5,11298,DFW,12173,HNL,1305,1301,0,1745,1718,0,520,3784
13,1,AA,N352AA,5,11298,DFW,12173,HNL,1305,1307,2,1745,1725,0,520,3784
14,2,AA,N378AA,5,11298,DFW,12173,HNL,1305,1301,0,1745,1726,0,520,3784
15,3,AA,N361AA,5,11298,DFW,12173,HNL,1305,1301,0,1745,1711,0,520,3784
16,4,AA,N357AA,5,11298,DFW,12173,HNL,1305,1304,0,1745,1737,0,520,3784
17,5,AA,N361AA,5,11298,DFW,12173,HNL,1305,1301,0,1745,1736,0,520,3784
18,6,AA,N361AA,5,11298,DFW,12173,HNL,1305,1301,0,1745,1722,0,520,3784
19,7,AA,N364AA,5,11298,DFW,12173,HNL,1305,1259,0,1745,1741,0,520,3784
20,1,AA,N393AA,5,11298,DFW,12173,HNL,1305,1258,0,1745,1721,0,520,3784
21,2,AA,N357AA,5,11298,DFW,12173,HNL,1305,1304,0,1745,1730,0,520,3784
22,3,AA,N365AA,5,11298,DFW,12173,HNL,1305,1258,0,1745,1803,18,520,3784
23,4,AA,N375AA,5,11298,DFW,12173,HNL,1305,1355,50,1745,1840,55,520,3784
24,5,AA,N378AA,5,11298,DFW,12173,HNL,1305,1342,37,1745,1823,38,520,3784
25,6,AA,N358AA,5,11298,DFW,12173,HNL,1305,1304,0,1745,1736,0,520,3784
26,7,AA,N369AA,5,11298,DFW,12173,HNL,1305,1304,0,1745,1727,0,520,3784
27,1,AA,N398AA,5,11298,DFW,12173,HNL,1305,1300,0,1745,1753,8,520,3784
28,2,AA,N378AA,5,11298,DFW,12173,HNL,1305,1300,0,1745,1740,0,520,3784
29,3,AA,N379AA,5,11298,DFW,12173,HNL,1305,1258,0,1745,1737,0,520,3784
30,4,AA,N370AA,5,11298,DFW,12173,HNL,1305,1309,4,1745,1728,0,520,3784
31,5,AA,N365AA,5,11298,DFW,12173,HNL,1305,1300,0,1745,1742,0,520,3784
1,3,AA,N364AA,6,13830,OGG,11298,DFW,1755,1753,0,500,452,0,425,3711
2,4,AA,N367AA,6,13830,OGG,11298,DFW,1755,1751,0,500,448,0,425,3711
3,5,AA,N398AA,6,13830,OGG,11298,DFW,1755,1835,40,500,520,20,425,3711
4,6,AA,N345AA,6,13830,OGG,11298,DFW,1755,1756,1,500,433,0,425,3711
5,7,AA,N372AA,6,13830,OGG,11298,DFW,1755,1807,12,500,443,0,425,3711
6,1,AA,N376AA,6,13830,OGG,11298,DFW,1755,1850,55,500,537,37,425,3711
7,2,AA,N361AA,6,13830,OGG,11298,DFW,1755,1811,16,500,457,0,425,3711
8,3,AA,N345AA,6,13830,OGG,11298,DFW,1755,2015,140,500,720,140,425,3711
9,4,AA,N345AA,6,13830,OGG,11298,DFW,1755,1911,76,500,619,79,425,3711
10,5,AA,N342AA,6,13830,OGG,11298,DFW,1755,1747,0,500,453,0,425,3711
11,6,AA,N343AA,6,13830,OGG,11298,DFW,1755,1809,14,500,507,7,425,3711
12,7,AA,N348AA,6,13830,OGG,11298,DFW,1755,1746,0,500,449,0,425,3711
13,1,AA,N343AA,6,13830,OGG,11298,DFW,1755,1751,0,500,450,0,425,3711
14,2,AA,N352AA,6,13830,OGG,11298,DFW,1755,1744,0,500,502,2,425,3711
15,3,AA,N378AA,6,13830,OGG,11298,DFW,1755,1745,0,500,456,0,425,3711
16,4,AA,N361AA,6,13830,OGG,11298,DFW,1755,1743,0,500,504,4,425,3711
17,5,AA,N367AA,6,13830,OGG,11298,DFW,1755,1749,0,500,452,0,425,3711
18,6,AA,N371AA,6,13830,OGG,11298,DFW,1755,1740,0,500,433,0,425,3711
19,7,AA,N361AA,6,13830,OGG,11298,DFW,1755,1844,49,500,529,29,425,3711
20,1,AA,N397AA,6,13830,OGG,11298,DFW,1755,1754,0,500,457,0,425,3711
21,2,AA,N365AA,6,13830,OGG,11298,DFW,1755,2224,269,500,929,269,425,3711
22,3,AA,N356AA,6,13830,OGG,11298,DFW,1755,1806,11,500,459,0,425,3711
23,4,AA,N365AA,6,13830,OGG,11298,DFW,1755,1814,19,500,507,7,425,3711
24,5,AA,N358AA,6,13830,OGG,11298,DFW,1755,1752,0,500,451,0,425,3711
25,6,AA,N378AA,6,13830,OGG,11298,DFW,1755,1745,0,500,452,0,425,3711
26,7,AA,N378AA,6,13830,OGG,11298,DFW,1755,1810,15,500,501,1,425,3711
27,1,AA,N365AA,6,13830,OGG,11298,DFW,1755,1752,0,500,448,0,425,3711
28,2,AA,N398AA,6,13830,OGG,11298,DFW,1755,1807,12,500,507,7,425,3711
29,3,AA,N398AA,6,13830,OGG,11298,DFW,1755,1805,10,500,440,0,425,3711
30,4,AA,N374AA,6,13830,OGG,11298,DFW,1755,1744,0,500,438,0,425,3711
31,5,AA,N378AA,6,13830,OGG,11298,DFW,1755,1749,0,500,424,0,425,3711
1,3,AA,N364AA,7,11298,DFW,13830,OGG,1200,1205,5,1625,1630,5,505,3711
2,4,AA,N367AA,7,11298,DFW,13830,OGG,1200,1218,18,1625,1630,5,505,3711
3,5,AA,N398AA,7,11298,DFW,13830,OGG,1200,1225,25,1625,1652,27,505,3711
4,6,AA,N345AA,7,11298,DFW,13830,OGG,1200,1159,0,1625,1616,0,505,3711
5,7,AA,N372AA,7,11298,DFW,13830,OGG,1200,1200,0,1625,1646,21,505,3711
6,1,AA,N376AA,7,11298,DFW,13830,OGG,1200,1313,73,1625,1724,59,505,3711
7,2,AA,N361AA,7,11298,DFW,13830,OGG,1200,1214,14,1625,1637,12,505,3711
8,3,AA,N345AA,7,11298,DFW,13830,OGG,1200,1420,140,1625,1845,140,505,3711
9,4,AA,N345AA,7,11298,DFW,13830,OGG,1200,1350,110,1625,1754,89,505,3711
10,5,AA,N342AA,7,11298,DFW,13830,OGG,1200,1158,0,1625,1619,0,505,3711
11,6,AA,N343AA,7,11298,DFW,13830,OGG,1200,1249,49,1625,1705,40,505,3711
12,7,AA,N348AA,7,11298,DFW,13830,OGG,1200,1211,11,1625,1610,0,505,3711
13,1,AA,N343AA,7,11298,DFW,13830,OGG,1200,1156,0,1625,1552,0,505,3711
14,2,AA,N352AA,7,11298,DFW,13830,OGG,1200,1159,0,1625,1612,0,505,3711
15,3,AA,N378AA,7,11298,DFW,13830,OGG,1200,1200,0,1625,1613,0,505,3711
16,4,AA,N361AA,7,11298,DFW,13830,OGG,1200,1204,4,1625,1621,0,505,3711
17,5,AA,N367AA,7,11298,DFW,13830,OGG,1200,1202,2,1625,1556,0,505,3711
18,6,AA,N371AA,7,11298,DFW,13830,OGG,1200,1239,39,1625,1632,7,505,3711
19,7,AA,N361AA,7,11298,DFW,13830,OGG,1200,1306,66,1625,1725,60,505,3711
20,1,AA,N397AA,7,11298,DFW,13830,OGG,1200,1210,10,1625,1638,13,505,3711
21,2,AA,N365AA,7,11298,DFW,13830,OGG,1200,1159,0,1625,1610,0,505,3711
22,3,AA,N356AA,7,11298,DFW,13830,OGG,1200,1156,0,1625,1648,23,505,3711
23,4,AA,N365AA,7,11298,DFW,13830,OGG,1200,1203,3,1625,1636,11,505,3711
24,5,AA,N358AA,7,11298,DFW,13830,OGG,1200,1157,0,1625,1627,2,505,3711
25,6,AA,N378AA,7,11298,DFW,13830,OGG,1200,1158,0,1625,1606,0,505,3711
26,7,AA,N378AA,7,11298,DFW,13830,OGG,1200,1202,2,1625,1645,20,505,3711
27,1,AA,N365AA,7,11298,DFW,13830,OGG,1200,1159,0,1625,1621,0,505,3711
28,2,AA,N398AA,7,11298,DFW,13830,OGG,1200,1158,0,1625,1700,35,505,3711
29,3,AA,N398AA,7,11298,DFW,13830,OGG,1200,1200,0,1625,1637,12,505,3711
30,4,AA,N374AA,7,11298,DFW,13830,OGG,1200,1208,8,1625,1608,0,505,3711
31,5,AA,N378AA,7,11298,DFW,13830,OGG,1200,1156,0,1625,1628,3,505,3711
1,3,AA,N372AA,8,12173,HNL,11298,DFW,1800,1839,39,520,620,60,440,3784
2,4,AA,N398AA,8,12173,HNL,11298,DFW,1800,2319,319,520,1040,320,440,3784
3,5,AA,N375AA,8,12173,HNL,11298,DFW,1800,1854,54,520,547,27,440,3784
4,6,AA,N372AA,8,12173,HNL,11298,DFW,1800,1817,17,520,514,0,440,3784
5,7,AA,N349AA,8,12173,HNL,11298,DFW,1800,1918,78,520,622,62,440,3784
6,1,AA,N374AA,8,12173,HNL,11298,DFW,1800,1843,43,520,547,27,440,3784
7,2,AA,N345AA,8,12173,HNL,11298,DFW,1800,1844,44,520,606,46,440,3784
8,3,AA,N364AA,8,12173,HNL,11298,DFW,1800,1810,10,520,530,10,440,3784
9,4,AA,N387AA,8,12173,HNL,11298,DFW,1800,1804,4,520,521,1,440,3784
10,5,AA,N351AA,8,12173,HNL,11298,DFW,1800,1807,7,520,513,0,440,3784
11,6,AA,N348AA,8,12173,HNL,11298,DFW,1800,2241,281,520,957,277,440,3784
12,7,AA,N377AA,8,12173,HNL,11298,DFW,1800,1759,0,520,522,2,440,3784
13,1,AA,N347AA,8,12173,HNL,11298,DFW,1800,1754,0,520,530,10,440,3784
14,2,AA,N354AA,8,12173,HNL,11298,DFW,1800,1745,0,520,512,0,440,3784
15,3,AA,N389AA,8,12173,HNL,11298,DFW,1800,1750,0,520,505,0,440,3784
16,4,AA,N378AA,8,12173,HNL,11298,DFW,1800,1746,0,520,509,0,440,3784
17,5,AA,N371AA,8,12173,HNL,11298,DFW,1800,1800,0,520,512,0,440,3784
18,6,AA,N386AA,8,12173,HNL,11298,DFW,1800,1752,0,520,501,0,440,3784
19,7,AA,N356AA,8,12173,HNL,11298,DFW,1800,1749,0,520,506,0,440,3784
20,1,AA,N364AA,8,12173,HNL,11298,DFW,1800,1745,0,520,502,0,440,3784
21,2,AA,N361AA,8,12173,HNL,11298,DFW,1800,1757,0,520,512,0,440,3784
22,3,AA,N357AA,8,12173,HNL,11298,DFW,1800,1752,0,520,455,0,440,3784
23,4,AA,N358AA,8,12173,HNL,11298,DFW,1800,1750,0,520,501,0,440,3784
24,5,AA,N375AA,8,12173,HNL,11298,DFW,1800,1750,0,520,505,0,440,3784
25,6,AA,N350AA,8,12173,HNL,11298,DFW,1800,1755,0,520,457,0,440,3784
26,7,AA,N363AA,8,12173,HNL,11298,DFW,1800,1912,72,520,622,62,440,3784
27,1,AA,N369AA,8,12173,HNL,11298,DFW,1800,1756,0,520,501,0,440,3784
28,2,AA,N355AA,8,12173,HNL,11298,DFW,1800,1755,0,520,513,0,440,3784
29,3,AA,N369AA,8,12173,HNL,11298,DFW,1800,1759,0,520,458,0,440,3784
30,4,AA,N379AA,8,12173,HNL,11298,DFW,1800,1757,0,520,505,0,440,3784
31,5,AA,N358AA,8,12173,HNL,11298,DFW,1800,1044,1004,520,2207,1007,440,3784
1,3,AA,N3KBAA,9,12892,LAX,13303,MIA,2155,2211,16,535,552,17,280,2342
2,4,AA,N3KWAA,9,12892,LAX,13303,MIA,2155,2148,0,535,605,30,280,2342
3,5,AA,N3FNAA,9,12892,LAX,13303,MIA,2155,2146,0,535,522,0,280,2342
4,6,AA,N3JKAA,9,12892,LAX,13303,MIA,2155,2158,3,535,516,0,280,2342
5,7,AA,N3CYAA,9,12892,LAX,13303,MIA,2155,2151,0,535,532,0,280,2342
6,1,AA,N3FRAA,9,12892,LAX,13303,MIA,2155,2153,0,535,540,5,280,2342
7,2,AA,N625AA,9,12892,LAX,13303,MIA,2155,2153,0,535,533,0,280,2342
8,3,AA,N3DNAA,9,12892,LAX,13303,MIA,2155,2152,0,535,536,1,280,2342
9,4,AA,N3FYAA,9,12892,LAX,13303,MIA,2155,2155,0,535,532,0,280,2342
10,5,AA,N3DSAA,9,12892,LAX,13303,MIA,2155,2209,14,535,548,13,280,2342
11,6,AA,N3KPAA,9,12892,LAX,13303,MIA,2155,2150,0,535,539,4,280,2342
12,7,AA,N3KDAA,9,12892,LAX,13303,MIA,2155,2159,4,535,532,0,280,2342
13,1,AA,N3HJAA,9,12892,LAX,13303,MIA,2155,2155,0,535,540,5,280,2342
14,2,AA,N3KWAA,9,12892,LAX,13303,MIA,2155,2154,0,535,543,8,280,2342
15,3,AA,N3EGAA,9,12892,LAX,13303,MIA,2155,2156,1,535,552,17,280,2342
16,4,AA,N3BUAA,9,12892,LAX,13303,MIA,2155,2158,3,535,543,8,280,2342
17,5,AA,N3BLAA,9,12892,LAX,13303,MIA,2155,2155,0,535,545,10,280,2342
18,6,AA,N3KLAA,9,12892,LAX,13303,MIA,2155,2155,0,535,549,14,280,2342
19,7,AA,N3EUAA,9,12892,LAX,13303,MIA,2155,2152,0,535,520,0,280,2342
20,1,AA,N3GPAA,9,12892,LAX,13303,MIA,2155,2154,0,535,506,0,280,2342
21,2,AA,N3CHAA,9,12892,LAX,13303,MIA,2155,2149,0,535,545,10,280,2342
22,3,AA,N3GXAA,9,12892,LAX,13303,MIA,2155,2153,0,535,521,0,280,2342
23,4,AA,N3KXAA,9,12892,LAX,13303,MIA,2155,2153,0,535,515,0,280,2342
24,5,AA,N3EUAA,9,12892,LAX,13303,MIA,2155,2148,0,535,514,0,280,2342
25,6,AA,N3GSAA,9,12892,LAX,13303,MIA,2155,2153,0,535,524,0,280,2342
26,7,AA,N3EBAA,9,12892,LAX,13303,MIA,2155,2151,0,535,521,0,280,2342
27,1,AA,N3HPAA,9,12892,LAX,13303,MIA,2155,2149,0,535,526,0,280,2342
28,2,AA,N3AAAA,9,12892,LAX,13303,MIA,2155,2155,0,535,528,0,280,2342
29,3,AA,N3BLAA,9,12892,LAX,13303,MIA,2155,2155,0,535,552,17,280,2342
30,4,AA,N3FSAA,9,12892,LAX,13303,MIA,2155,2155,0,535,537,2,280,2342
31,5,AA,N3AGAA,9,12892,LAX,13303,MIA,2155,2155,0,535,531,0,280,2342
1,3,AA,N328AA,10,12892,LAX,12478,JFK,2115,2122,7,525,523,0,310,2475
4,6,AA,N338AA,10,12892,LAX,12478,JFK,2115,2126,11,525,518,0,310,2475
5,7,AA,N328AA,10,12892,LAX,12478,JFK,2115,2111,0,525,515,0,310,2475
6,1,AA,N323AA,10,12892,LAX,12478,JFK,2115,2113,0,525,518,0,310,2475
7,2,AA,N784AA,10,12892,LAX,12478,JFK,2115,2144,29,530,549,19,315,2475
8,3,AA,N783AA,10,12892,LAX,12478,JFK,2115,2148,33,530,551,21,315,2475
9,4,AA,N783AA,10,12892,LAX,12478,JFK,2115,2200,45,530,613,43,315,2475
10,5,AA,N783AA,10,12892,LAX,12478,JFK,2115,2110,0,530,553,23,315,2475
11,6,AA,N784AA,10,12892,LAX,12478,JFK,2115,2224,69,530,643,73,315,2475
12,7,AA,N784AA,10,12892,LAX,12478,JFK,2115,2111,0,530,517,0,315,2475
13,1,AA,N783AA,10,12892,LAX,12478,JFK,2115,2108,0,530,522,0,315,2475
14,2,AA,N784AA,10,12892,LAX,12478,JFK,2115,2111,0,530,,,315,2475
15,3,AA,N783AA,10,12892,LAX,12478,JFK,2115,2111,0,530,522,0,315,2475
16,4,AA,N785AA,10,12892,LAX,12478,JFK,2115,2126,11,530,555,25,315,2475
17,5,AA,N786AA,10,12892,LAX,12478,JFK,2115,2113,0,530,543,13,315,2475
18,6,AA,N784AA,10,12892,LAX,12478,JFK,2115,2121,6,530,539,9,315,2475
19,7,AA,N785AA,10,12892,LAX,12478,JFK,2115,2131,16,530,544,14,315,2475
20,1,AA,N785AA,10,12892,LAX,12478,JFK,2115,2109,0,530,509,0,315,2475
21,2,AA,N784AA,10,12892,LAX,12478,JFK,2115,557,522,530,1410,520,315,2475
22,3,AA,N784AA,10,12892,LAX,12478,JFK,2115,2115,0,530,523,0,315,2475
23,4,AA,N786AA,10,12892,LAX,12478,JFK,2115,2108,0,530,511,0,315,2475
24,5,AA,N783AA,10,12892,LAX,12478,JFK,2115,2114,0,530,534,4,315,2475
25,6,AA,N783AA,10,12892,LAX,12478,JFK,2115,2111,0,530,522,0,315,2475
26,7,AA,N787AA,10,12892,LAX,12478,JFK,2115,2112,0,530,525,0,315,2475
27,1,AA,N787AA,10,12892,LAX,12478,JFK,2115,2108,0,530,508,0,315,2475
28,2,AA,N784AA,10,12892,LAX,12478,JFK,2115,2221,66,530,654,84,315,2475
29,3,AA,N784AA,10,12892,LAX,12478,JFK,2115,2111,0,530,526,0,315,2475
30,4,AA,N787AA,10,12892,LAX,12478,JFK,2115,2111,0,530,456,0,315,2475
31,5,AA,N786AA,10,12892,LAX,12478,JFK,2115,2214,59,530,554,24,315,2475
1,3,AA,N5DHAA,14,13830,OGG,12892,LAX,2313,2306,0,620,617,0,307,2486
2,4,AA,N5DFAA,14,13830,OGG,12892,LAX,2313,2313,0,620,617,0,307,2486
3,5,AA,N5ECAA,14,13830,OGG,12892,LAX,2313,2321,8,620,609,0,307,2486
4,6,AA,N5FDAA,14,13830,OGG,12892,LAX,2313,2313,0,620,551,0,307,2486
5,7,AA,N5FCAA,14,13830,OGG,12892,LAX,2313,2330,17,620,607,0,307,2486
6,1,AA,N5EDAA,14,13830,OGG,12892,LAX,2313,2315,2,620,550,0,307,2486
7,2,AA,N5ESAA,14,13830,OGG,12892,LAX,2313,2313,0,620,616,0,307,2486
9,4,AA,N5EDAA,14,13830,OGG,12892,LAX,2313,2308,0,620,602,0,307,2486
10,5,AA,N5FDAA,14,13830,OGG,12892,LAX,2313,2309,0,620,553,0,307,2486
11,6,AA,N5DJAA,14,13830,OGG,12892,LAX,2313,2315,2,620,614,0,307,2486
12,7,AA,N5ESAA,14,13830,OGG,12892,LAX,2313,2306,0,620,617,0,307,2486
14,2,AA,N5ECAA,14,13830,OGG,12892,LAX,2313,2313,0,620,608,0,307,2486
16,4,AA,N381AA,14,13830,OGG,12892,LAX,2315,2259,0,620,602,0,305,2486
17,5,AA,N381AA,14,13830,OGG,12892,LAX,2315,2256,0,620,605,0,305,2486
18,6,AA,N381AA,14,13830,OGG,12892,LAX,2315,2300,0,620,549,0,305,2486
19,7,AA,N5ESAA,14,13830,OGG,12892,LAX,2315,2316,1,620,601,0,305,2486
21,2,AA,N375AA,14,13830,OGG,12892,LAX,2315,2300,0,620,606,0,305,2486
23,4,AA,N352AA,14,13830,OGG,12892,LAX,2315,2311,0,620,612,0,305,2486
24,5,AA,N5ERAA,14,13830,OGG,12892,LAX,2315,2307,0,620,609,0,305,2486
25,6,AA,N352AA,14,13830,OGG,12892,LAX,2315,2259,0,620,556,0,305,2486
26,7,AA,N358AA,14,13830,OGG,12892,LAX,2315,2302,0,620,550,0,305,2486
28,2,AA,N5DEAA,14,13830,OGG,12892,LAX,2315,2342,27,620,634,14,305,2486
30,4,AA,N348AA,14,13830,OGG,12892,LAX,2315,2308,0,620,607,0,305,2486
31,5,AA,N355AA,14,13830,OGG,12892,LAX,2315,2305,0,620,558,0,305,2486
1,3,AA,N3LGAA,15,10721,BOS,13930,ORD,610,606,0,810,821,11,180,867
2,4,AA,N3KMAA,15,10721,BOS,13930,ORD,610,604,0,810,839,29,180,867
4,6,AA,N3FAAA,15,10721,BOS,13930,ORD,610,609,0,810,817,7,180,867
6,1,AA,N3LFAA,15,10721,BOS,13930,ORD,610,613,3,810,838,28,180,867
7,2,AA,N3JKAA,15,10721,BOS,13930,ORD,610,611,1,810,808,0,180,867
8,3,AA,N3HYAA,15,10721,BOS,13930,ORD,610,607,0,810,803,0,180,867
9,4,AA,N3GNAA,15,10721,BOS,13930,ORD,610,605,0,810,749,0,180,867
10,5,AA,N3HPAA,15,10721,BOS,13930,ORD,610,605,0,810,752,0,180,867
11,6,AA,N3JMAA,15,10721,BOS,13930,ORD,610,635,25,810,815,5,180,867
13,1,AA,N3KEAA,15,10721,BOS,13930,ORD,610,613,3,810,806,0,180,867
14,2,AA,N3DAAA,15,10721,BOS,13930,ORD,610,559,0,810,759,0,180,867
15,3,AA,N3GPAA,15,10721,BOS,13930,ORD,610,609,0,810,801,0,180,867
16,4,AA,N3JPAA,15,10721,BOS,13930,ORD,610,605,0,810,749,0,180,867
17,5,AA,N3BNAA,15,10721,BOS,13930,ORD,610,605,0,810,804,0,180,867
18,6,AA,N3JGAA,15,10721,BOS,13930,ORD,610,607,0,810,739,0,180,867
20,1,AA,N3HFAA,15,10721,BOS,13930,ORD,610,606,0,810,813,3,180,867
21,2,AA,N3JNAA,15,10721,BOS,13930,ORD,610,605,0,810,746,0,180,867
23,4,AA,N3DXAA,15,10721,BOS,13930,ORD,610,604,0,810,750,0,180,867
24,5,AA,N3EFAA,15,10721,BOS,13930,ORD,610,605,0,810,756,0,180,867
25,6,AA,N3HAAA,15,10721,BOS,13930,ORD,610,606,0,810,807,0,180,867
27,1,AA,N3JCAA,15,10721,BOS,13930,ORD,610,607,0,810,806,0,180,867
28,2,AA,N3HBAA,15,10721,BOS,13930,ORD,610,602,0,810,754,0,180,867
29,3,AA,N3HCAA,15,10721,BOS,13930,ORD,610,604,0,810,809,0,180,867
30,4,AA,N3EGAA,15,10721,BOS,13930,ORD,610,606,0,810,754,0,180,867
31,5,AA,N3FAAA,15,10721,BOS,13930,ORD,610,603,0,810,809,0,180,867
1,3,AA,N368AA,16,14771,SFO,12478,JFK,1250,1345,55,2120,2216,56,330,2586
3,5,AA,N368AA,16,14771,SFO,12478,JFK,1250,1249,0,2120,2119,0,330,2586
4,6,AA,N352AA,16,14771,SFO,12478,JFK,1250,1408,78,2120,2229,69,330,2586
5,7,AA,N391AA,16,14771,SFO,12478,JFK,1250,2007,437,2120,437,437,330,2586
6,1,AA,N391AA,16,14771,SFO,12478,JFK,1250,1254,4,2120,2119,0,330,2586
7,2,AA,N357AA,16,14771,SFO,12478,JFK,1250,1303,13,2120,2116,0,330,2586
8,3,AA,N353AA,16,14771,SFO,12478,JFK,1250,1243,0,2120,2059,0,330,2586
9,4,AA,N352AA,16,14771,SFO,12478,JFK,1250,1307,17,2120,2123,3,330,2586
10,5,AA,N352AA,16,14771,SFO,12478,JFK,1250,1251,1,2120,2120,0,330,2586
11,6,AA,N392AA,16,14771,SFO,12478,JFK,1250,1328,38,2120,2157,37,330,2586
12,7,AA,N392AA,16,14771,SFO,12478,JFK,1250,1247,0,2120,2106,0,330,2586
13,1,AA,N392AA,16,14771,SFO,12478,JFK,1250,1244,0,2120,2106,0,330,2586
14,2,AA,N374AA,16,14771,SFO,12478,JFK,1250,1245,0,2120,2129,9,330,2586
15,3,AA,N374AA,16,14771,SFO,12478,JFK,1250,1505,135,2120,2343,143,330,2586
16,4,AA,N7BLAA,16,14771,SFO,12478,JFK,1250,1249,0,2120,2114,0,330,2586
17,5,AA,N391AA,16,14771,SFO,12478,JFK,1250,1251,1,2120,2138,18,330,2586
18,6,AA,N391AA,16,14771,SFO,12478,JFK,1250,1245,0,2120,2118,0,330,2586
19,7,AA,N372AA,16,14771,SFO,12478,JFK,1250,1303,13,2120,2141,21,330,2586
20,1,AA,N374AA,16,14771,SFO,12478,JFK,1250,1401,71,2120,2159,39,330,2586
23,4,AA,N338AA,16,14771,SFO,12478,JFK,1250,1250,0,2120,2058,0,330,2586
24,5,AA,N336AA,16,14771,SFO,12478,JFK,1250,1243,0,2120,2111,0,330,2586
25,6,AA,N336AA,16,14771,SFO,12478,JFK,1250,1244,0,2120,2109,0,330,2586
26,7,AA,N336AA,16,14771,SFO,12478,JFK,1250,1318,28,2120,2118,0,330,2586
27,1,AA,N336AA,16,14771,SFO,12478,JFK,1250,1245,0,2120,2046,0,330,2586
28,2,AA,N336AA,16,14771,SFO,12478,JFK,1250,1244,0,2120,2114,0,330,2586
29,3,AA,N339AA,16,14771,SFO,12478,JFK,1250,1244,0,2120,2105,0,330,2586
30,4,AA,N335AA,16,14771,SFO,12478,JFK,1250,1251,1,2120,2055,0,330,2586
31,5,AA,N350AA,16,14771,SFO,12478,JFK,1250,1247,0,2120,2039,0,330,2586
1,3,AA,N3DDAA,17,10397,ATL,13303,MIA,640,636,0,830,827,0,110,594
2,4,AA,N3GDAA,17,10397,ATL,13303,MIA,640,636,0,830,834,4,110,594
3,5,AA,N3BPAA,17,10397,ATL,13303,MIA,640,636,0,830,828,0,110,594
4,6,AA,N3EJAA,17,10397,ATL,13303,MIA,640,631,0,830,824,0,110,594
5,7,AA,N3ANAA,17,10397,ATL,13303,MIA,640,634,0,830,830,0,110,594
6,1,AA,N3FTAA,17,10397,ATL,13303,MIA,640,633,0,830,827,0,110,594
7,2,AA,N3KHAA,17,10397,ATL,13303,MIA,640,639,0,830,832,2,110,594
8,3,AA,N3JHAA,17,10397,ATL,13303,MIA,640,633,0,830,826,0,110,594
9,4,AA,N3GRAA,17,10397,ATL,13303,MIA,640,634,0,830,819,0,110,594
10,5,AA,N3ADAA,17,10397,ATL,13303,MIA,640,633,0,830,829,0,110,594
11,6,AA,N3GDAA,17,10397,ATL,13303,MIA,640,633,0,830,823,0,110,594
12,7,AA,N3JWAA,17,10397,ATL,13303,MIA,640,635,0,830,823,0,110,594
13,1,AA,N3DWAA,17,10397,ATL,13303,MIA,640,632,0,830,822,0,110,594
14,2,AA,N3FXAA,17,10397,ATL,13303,MIA,640,637,0,830,825,0,110,594
15,3,AA,N3ATAA,17,10397,ATL,13303,MIA,640,731,51,830,930,60,110,594
16,4,AA,N3JYAA,17,10397,ATL,13303,MIA,640,638,0,830,830,0,110,594
17,5,AA,N3JYAA,17,10397,ATL,13303,MIA,640,639,0,830,826,0,110,594
18,6,AA,N3KWAA,17,10397,ATL,13303,MIA,640,636,0,830,834,4,110,594
19,7,AA,N3EAAA,17,10397,ATL,13303,MIA,640,633,0,830,825,0,110,594
20,1,AA,N3FLAA,17,10397,ATL,13303,MIA,640,630,0,830,830,0,110,594
21,2,AA,N3KRAA,17,10397,ATL,13303,MIA,640,631,0,830,817,0,110,594
22,3,AA,N3ALAA,17,10397,ATL,13303,MIA,640,633,0,830,829,0,110,594
23,4,AA,N3BEAA,17,10397,ATL,13303,MIA,640,632,0,830,817,0,110,594
24,5,AA,N3BDAA,17,10397,ATL,13303,MIA,640,632,0,830,829,0,110,594
25,6,AA,N3DYAA,17,10397,ATL,13303,MIA,640,633,0,830,823,0,110,594
26,7,AA,N3FCAA,17,10397,ATL,13303,MIA,640,638,0,830,835,5,110,594
27,1,AA,N3KYAA,17,10397,ATL,13303,MIA,640,628,0,830,821,0,110,594
28,2,AA,N3ERAA,17,10397,ATL,13303,MIA,640,632,0,830,823,0,110,594
30,4,AA,N3JUAA,17,10397,ATL,13303,MIA,640,638,0,830,901,31,110,594
31,5,AA,N3GSAA,17,10397,ATL,13303,MIA,640,640,0,830,825,0,110,594
1,3,AA,N332AA,18,14771,SFO,12478,JFK,2230,2230,0,700,651,0,330,2586
2,4,AA,N336AA,18,14771,SFO,12478,JFK,2230,43,133,700,1157,,330,2586
3,5,AA,N319AA,18,14771,SFO,12478,JFK,2230,21,111,700,829,89,330,2586
5,7,AA,N339AA,18,14771,SFO,12478,JFK,2230,207,217,700,1022,202,330,2586
6,1,AA,N353AA,18,14771,SFO,12478,JFK,2230,2343,73,700,741,41,330,2586
7,2,AA,N336AA,18,14771,SFO,12478,JFK,2230,2323,53,700,738,38,330,2586
8,3,AA,N339AA,18,14771,SFO,12478,JFK,2230,2311,41,700,725,25,330,2586
9,4,AA,N338AA,18,14771,SFO,12478,JFK,2230,2227,0,700,708,8,330,2586
10,5,AA,N335AA,18,14771,SFO,12478,JFK,2230,2232,2,700,716,16,330,2586
12,7,AA,N332AA,18,14771,SFO,12478,JFK,2230,2224,0,700,640,0,330,2586
13,1,AA,N319AA,18,14771,SFO,12478,JFK,2230,2226,0,700,652,0,330,2586
14,2,AA,N335AA,18,14771,SFO,12478,JFK,2230,2313,43,700,805,65,330,2586
15,3,AA,N332AA,18,14771,SFO,12478,JFK,2230,2246,16,700,715,15,330,2586
16,4,AA,N339AA,18,14771,SFO,12478,JFK,2230,2230,0,700,703,3,330,2586
17,5,AA,N336AA,18,14771,SFO,12478,JFK,2230,2225,0,700,646,0,330,2586
19,7,AA,N319AA,18,14771,SFO,12478,JFK,2230,2257,27,700,721,21,330,2586
20,1,AA,N338AA,18,14771,SFO,12478,JFK,2230,2231,1,700,644,0,330,2586
22,3,AA,N336AA,18,14771,SFO,12478,JFK,2230,2228,0,700,657,0,330,2586
23,4,AA,N339AA,18,14771,SFO,12478,JFK,2230,2224,0,700,706,6,330,2586
24,5,AA,N332AA,18,14771,SFO,12478,JFK,2230,2219,0,700,643,0,330,2586
26,7,AA,N338AA,18,14771,SFO,12478,JFK,2230,2230,0,700,636,0,330,2586
27,1,AA,N339AA,18,14771,SFO,12478,JFK,2230,2223,0,700,638,0,330,2586
28,2,AA,N335AA,18,14771,SFO,12478,JFK,2230,2223,0,700,642,0,330,2586
29,3,AA,N338AA,18,14771,SFO,12478,JFK,2230,2246,16,700,649,0,330,2586
30,4,AA,N319AA,18,14771,SFO,12478,JFK,2230,2237,7,700,633,0,330,2586
31,5,AA,N332AA,18,14771,SFO,12478,JFK,2230,2253,23,700,658,0,330,2586
7,2,AA,N338AA,19,12478,JFK,12892,LAX,1030,1120,50,1340,1446,66,370,2475
8,3,AA,N336AA,19,12478,JFK,12892,LAX,1030,1024,0,1340,1332,0,370,2475
9,4,AA,N319AA,19,12478,JFK,12892,LAX,1030,1054,24,1340,1409,29,370,2475
10,5,AA,N332AA,19,12478,JFK,12892,LAX,1030,1028,0,1340,1339,0,370,2475
11,6,AA,N336AA,19,12478,JFK,12892,LAX,1030,1025,0,1340,1414,34,370,2475
12,7,AA,N335AA,19,12478,JFK,12892,LAX,1030,1028,0,1340,1343,3,370,2475
13,1,AA,N338AA,19,12478,JFK,12892,LAX,1030,1026,0,1340,1332,0,370,2475
14,2,AA,N328AA,19,12478,JFK,12892,LAX,1030,1028,0,1340,1317,0,370,2475
18,6,AA,N786AA,19,12478,JFK,12892,LAX,1030,1027,0,1355,1320,0,385,2475
19,7,AA,N783AA,19,12478,JFK,12892,LAX,1030,1023,0,1355,1339,0,385,2475
21,2,AA,N785AA,19,12478,JFK,12892,LAX,1030,1028,0,1355,1344,0,385,2475
23,4,AA,N785AA,19,12478,JFK,12892,LAX,1030,1044,14,1355,1402,7,385,2475
24,5,AA,N784AA,19,12478,JFK,12892,LAX,1030,1034,4,1355,1349,0,385,2475
25,6,AA,N787AA,19,12478,JFK,12892,LAX,1030,1042,12,1355,1345,0,385,2475
26,7,AA,N785AA,19,12478,JFK,12892,LAX,1030,1029,0,1355,1415,20,385,2475
27,1,AA,N785AA,19,12478,JFK,12892,LAX,1030,1021,0,1355,1345,0,385,2475
28,2,AA,N785AA,19,12478,JFK,12892,LAX,1030,1029,0,1355,1349,0,385,2475
29,3,AA,N787AA,19,12478,JFK,12892,LAX,1030,1028,0,1355,1405,10,385,2475
30,4,AA,N785AA,19,12478,JFK,12892,LAX,1030,1026,0,1355,1409,14,385,2475
31,5,AA,N784AA,19,12478,JFK,12892,LAX,1030,1031,1,1355,1430,35,385,2475
4,6,AA,N353AA,20,14771,SFO,12478,JFK,1510,1528,18,2340,2339,0,330,2586
5,7,AA,N352AA,20,14771,SFO,12478,JFK,1510,1719,129,2340,128,108,330,2586
6,1,AA,N357AA,20,14771,SFO,12478,JFK,1510,1733,143,2340,139,119,330,2586
7,2,AA,N353AA,20,14771,SFO,12478,JFK,1510,1509,0,2340,2312,0,330,2586
8,3,AA,N371AA,20,14771,SFO,12478,JFK,1510,1543,33,2340,2351,11,330,2586
9,4,AA,N389AA,20,14771,SFO,12478,JFK,1510,1534,24,2340,2334,0,330,2586
10,5,AA,N5FMAA,20,14771,SFO,12478,JFK,1510,1942,272,2340,402,262,330,2586
11,6,AA,N386AA,20,14771,SFO,12478,JFK,1510,1635,85,2340,49,69,330,2586
12,7,AA,N398AA,20,14771,SFO,12478,JFK,1510,1737,147,2340,152,132,330,2586
13,1,AA,N391AA,20,14771,SFO,12478,JFK,1510,1504,0,2340,2336,0,330,2586
14,2,AA,N323AA,20,14771,SFO,12478,JFK,1510,1504,0,2340,2323,0,330,2586
15,3,AA,N336AA,20,14771,SFO,12478,JFK,1510,1500,0,2340,2332,0,330,2586
16,4,AA,N618AA,20,14771,SFO,12478,JFK,1510,1618,68,2340,45,65,330,2586
17,5,AA,N338AA,20,14771,SFO,12478,JFK,1510,1503,0,2340,2332,0,330,2586
18,6,AA,N338AA,20,14771,SFO,12478,JFK,1510,1504,0,2340,2321,0,330,2586
19,7,AA,N336AA,20,14771,SFO,12478,JFK,1510,1507,0,2340,2306,0,330,2586
20,1,AA,N336AA,20,14771,SFO,12478,JFK,1510,1504,0,2340,2313,0,330,2586
22,3,AA,N381AA,20,14771,SFO,12478,JFK,1510,1633,83,2340,28,48,330,2586
23,4,AA,N336AA,20,14771,SFO,12478,JFK,1510,1654,104,2340,102,82,330,2586
24,5,AA,N328AA,20,14771,SFO,12478,JFK,1510,1508,0,2340,2334,0,330,2586
25,6,AA,N332AA,20,14771,SFO,12478,JFK,1510,1500,0,2340,2314,0,330,2586
26,7,AA,N335AA,20,14771,SFO,12478,JFK,1510,1502,0,2340,2309,0,330,2586
27,1,AA,N338AA,20,14771,SFO,12478,JFK,1510,1505,0,2340,2301,0,330,2586
28,2,AA,N339AA,20,14771,SFO,12478,JFK,1510,1502,0,2340,2302,0,330,2586
29,3,AA,N335AA,20,14771,SFO,12478,JFK,1510,1617,67,2340,20,40,330,2586
30,4,AA,N338AA,20,14771,SFO,12478,JFK,1510,1504,0,2340,2315,0,330,2586
31,5,AA,N335AA,20,14771,SFO,12478,JFK,1510,1532,22,2340,2309,0,330,2586
1,3,AA,N327AA,21,12478,JFK,12892,LAX,1900,1902,2,2215,2224,9,375,2475
2,4,AA,N319AA,21,12478,JFK,12892,LAX,1900,2049,109,2215,45,150,375,2475
4,6,AA,N339AA,21,12478,JFK,12892,LAX,1900,1903,3,2215,2207,0,375,2475
5,7,AA,N327AA,21,12478,JFK,12892,LAX,1900,2006,66,2215,2312,57,375,2475
6,1,AA,N327AA,21,12478,JFK,12892,LAX,1900,1859,0,2215,2207,0,375,2475
7,2,AA,N332AA,21,12478,JFK,12892,LAX,1900,1943,43,2215,2245,30,375,2475
8,3,AA,N319AA,21,12478,JFK,12892,LAX,1900,1900,0,2215,2203,0,375,2475
9,4,AA,N328AA,21,12478,JFK,12892,LAX,1900,1859,0,2215,2206,0,375,2475
10,5,AA,N336AA,21,12478,JFK,12892,LAX,1900,1854,0,2215,2211,0,375,2475
11,6,AA,N338AA,21,12478,JFK,12892,LAX,1900,1927,27,2215,2225,10,375,2475
12,7,AA,N339AA,21,12478,JFK,12892,LAX,1900,2113,133,2215,31,136,375,2475
13,1,AA,N328AA,21,12478,JFK,12892,LAX,1900,1900,0,2215,2216,1,375,2475
14,2,AA,N336AA,21,12478,JFK,12892,LAX,1900,1926,26,2215,2206,0,375,2475
15,3,AA,N319AA,21,12478,JFK,12892,LAX,1900,1904,4,2215,2157,0,375,2475
16,4,AA,N338AA,21,12478,JFK,12892,LAX,1900,1904,4,2215,2148,0,375,2475
17,5,AA,N332AA,21,12478,JFK,12892,LAX,1900,1907,7,2215,2201,0,375,2475
18,6,AA,N339AA,21,12478,JFK,12892,LAX,1900,1905,5,2215,2146,0,375,2475
19,7,AA,N332AA,21,12478,JFK,12892,LAX,1900,1900,0,2215,2157,0,375,2475
20,1,AA,N339AA,21,12478,JFK,12892,LAX,1900,1900,0,2215,2218,3,375,2475
22,3,AA,N319AA,21,12478,JFK,12892,LAX,1900,1901,1,2215,2231,16,375,2475
23,4,AA,N328AA,21,12478,JFK,12892,LAX,1900,1939,39,2215,2242,27,375,2475
24,5,AA,N5FCAA,21,12478,JFK,12892,LAX,1900,1912,12,2215,2156,0,375,2475
25,6,AA,N335AA,21,12478,JFK,12892,LAX,1900,1958,58,2215,2306,51,375,2475
26,7,AA,N328AA,21,12478,JFK,12892,LAX,1900,1901,1,2215,2214,0,375,2475
27,1,AA,N332AA,21,12478,JFK,12892,LAX,1900,1902,2,2215,2220,5,375,2475
28,2,AA,N332AA,21,12478,JFK,12892,LAX,1900,1855,0,2215,2226,11,375,2475
29,3,AA,N328AA,21,12478,JFK,12892,LAX,1900,1858,0,2215,2153,0,375,2475
30,4,AA,N332AA,21,12478,JFK,12892,LAX,1900,1854,0,2215,2232,17,375,2475
31,5,AA,N328AA,21,12478,JFK,12892,LAX,1900,1859,0,2215,2326,71,375,2475
7,2,AA,N338AA,22,12892,LAX,12478,JFK,1500,1546,46,2320,2349,29,320,2475
8,3,AA,N336AA,22,12892,LAX,12478,JFK,1500,1456,0,2320,2252,0,320,2475
9,4,AA,N319AA,22,12892,LAX,12478,JFK,1500,1453,0,2320,2308,0,320,2475
10,5,AA,N332AA,22,12892,LAX,12478,JFK,1500,1501,1,2320,2335,15,320,2475
11,6,AA,N336AA,22,12892,LAX,12478,JFK,1500,1517,17,2320,14,54,320,2475
12,7,AA,N335AA,22,12892,LAX,12478,JFK,1500,1456,0,2320,2251,0,320,2475
13,1,AA,N338AA,22,12892,LAX,12478,JFK,1500,1500,0,2320,2325,5,320,2475
14,2,AA,N328AA,22,12892,LAX,12478,JFK,1500,1458,0,2320,2308,0,320,2475
18,6,AA,N786AA,22,12892,LAX,12478,JFK,1500,1502,2,2325,2324,0,325,2475
19,7,AA,N783AA,22,12892,LAX,12478,JFK,1500,1458,0,2325,2318,0,325,2475
20,1,AA,N786AA,22,12892,LAX,12478,JFK,1500,1456,0,2325,2256,0,325,2475
22,3,AA,N783AA,22,12892,LAX,12478,JFK,1500,1457,0,2325,2256,0,325,2475
23,4,AA,N787AA,22,12892,LAX,12478,JFK,1500,1531,31,2325,2337,12,325,2475
24,5,AA,N784AA,22,12892,LAX,12478,JFK,1500,1501,1,2325,2326,1,325,2475
25,6,AA,N787AA,22,12892,LAX,12478,JFK,1500,1518,18,2325,2332,7,325,2475
26,7,AA,N785AA,22,12892,LAX,12478,JFK,1500,1504,4,2325,2308,0,325,2475
27,1,AA,N785AA,22,12892,LAX,12478,JFK,1500,1454,0,2325,2316,0,325,2475
28,2,AA,N785AA,22,12892,LAX,12478,JFK,1500,1457,0,2325,2300,0,325,2475
29,3,AA,N787AA,22,12892,LAX,12478,JFK,1500,1751,171,2325,211,166,325,2475
30,4,AA,N785AA,22,12892,LAX,12478,JFK,1500,1459,0,2325,2307,0,325,2475
31,5,AA,N784AA,22,12892,LAX,12478,JFK,1500,1533,33,2325,2325,0,325,2475
1,3,AA,N3LBAA,23,11278,DCA,13303,MIA,715,714,0,1000,947,0,165,919
2,4,AA,N3FWAA,23,11278,DCA,13303,MIA,715,707,0,1000,951,0,165,919
3,5,AA,N3DWAA,23,11278,DCA,13303,MIA,715,716,1,1000,1024,24,165,919
4,6,AA,N3GSAA,23,11278,DCA,13303,MIA,715,713,0,1000,954,0,165,919
5,7,AA,N3DBAA,23,11278,DCA,13303,MIA,715,708,0,1000,948,0,165,919
6,1,AA,N3JBAA,23,11278,DCA,13303,MIA,715,712,0,1000,947,0,165,919
7,2,AA,N3CJAA,23,11278,DCA,13303,MIA,715,733,18,1000,1019,19,165,919
8,3,AA,N3CFAA,23,11278,DCA,13303,MIA,715,715,0,1000,1004,4,165,919
9,4,AA,N3ETAA,23,11278,DCA,13303,MIA,715,709,0,1000,958,0,165,919
10,5,AA,N3BEAA,23,11278,DCA,13303,MIA,715,715,0,1000,1025,25,165,919
11,6,AA,N3HXAA,23,11278,DCA,13303,MIA,715,710,0,1000,941,0,165,919
12,7,AA,N3FBAA,23,11278,DCA,13303,MIA,715,708,0,1000,924,0,165,919
13,1,AA,N3FRAA,23,11278,DCA,13303,MIA,715,709,0,1000,955,0,165,919
14,2,AA,N3BEAA,23,11278,DCA,13303,MIA,715,707,0,1000,953,0,165,919
15,3,AA,N3GKAA,23,11278,DCA,13303,MIA,715,706,0,1000,1001,1,165,919
16,4,AA,N3FTAA,23,11278,DCA,13303,MIA,715,707,0,1000,942,0,165,919
17,5,AA,N3EHAA,23,11278,DCA,13303,MIA,715,709,0,1000,947,0,165,919
18,6,AA,N3EKAA,23,11278,DCA,13303,MIA,715,713,0,1000,1000,0,165,919
19,7,AA,N3BVAA,23,11278,DCA,13303,MIA,715,710,0,1000,940,0,165,919
20,1,AA,N3GNAA,23,11278,DCA,13303,MIA,715,707,0,1000,933,0,165,919
21,2,AA,N3JGAA,23,11278,DCA,13303,MIA,715,708,0,1000,941,0,165,919
23,4,AA,N3JJAA,23,11278,DCA,13303,MIA,715,713,0,1000,949,0,165,919
24,5,AA,N3CFAA,23,11278,DCA,13303,MIA,715,712,0,1000,1003,3,165,919
25,6,AA,N3HLAA,23,11278,DCA,13303,MIA,715,713,0,1000,953,0,165,919
26,7,AA,N3GLAA,23,11278,DCA,13303,MIA,715,711,0,1000,941,0,165,919
27,1,AA,N3FMAA,23,11278,DCA,13303,MIA,715,708,0,1000,952,0,165,919
28,2,AA,N3EKAA,23,11278,DCA,13303,MIA,715,706,0,1000,946,0,165,919
29,3,AA,N3AMAA,23,11278,DCA,13303,MIA,715,716,1,1000,1042,42,165,919
30,4,AA,N3KJAA,23,11278,DCA,13303,MIA,715,711,0,1000,959,0,165,919
31,5,AA,N3CYAA,23,11278,DCA,13303,MIA,715,710,0,1000,947,0,165,919
1,3,AA,N352AA,24,14771,SFO,12478,JFK,705,658,0,1540,1520,0,335,2586
2,4,AA,N399AA,24,14771,SFO,12478,JFK,705,704,0,1540,1600,20,335,2586
3,5,AA,N352AA,24,14771,SFO,12478,JFK,705,658,0,1540,1623,43,335,2586
4,6,AA,N354AA,24,14771,SFO,12478,JFK,705,705,0,1540,1521,0,335,2586
5,7,AA,N344AA,24,14771,SFO,12478,JFK,705,723,18,1540,1911,,335,2586
7,2,AA,N336AA,24,14771,SFO,12478,JFK,705,659,0,1540,1507,0,335,2586
8,3,AA,N363AA,24,14771,SFO,12478,JFK,705,656,0,1540,1535,0,335,2586
9,4,AA,N346AA,24,14771,SFO,12478,JFK,705,701,0,1540,1526,0,335,2586
10,5,AA,N388AA,24,14771,SFO,12478,JFK,705,656,0,1540,1518,0,335,2586
11,6,AA,N399AA,24,14771,SFO,12478,JFK,705,656,0,1540,1620,40,335,2586
12,7,AA,N388AA,24,14771,SFO,12478,JFK,705,702,0,1540,1526,0,335,2586
13,1,AA,N363AA,24,14771,SFO,12478,JFK,705,657,0,1540,1526,0,335,2586
14,2,AA,N375AA,24,14771,SFO,12478,JFK,705,657,0,1540,1545,5,335,2586
15,3,AA,N349AA,24,14771,SFO,12478,JFK,705,655,0,1540,1543,3,335,2586
16,4,AA,N372AA,24,14771,SFO,12478,JFK,705,659,0,1540,1533,0,335,2586
18,6,AA,N372AA,24,14771,SFO,12478,JFK,705,700,0,1540,1531,0,335,2586
19,7,AA,N363AA,24,14771,SFO,12478,JFK,705,657,0,1540,1528,0,335,2586
20,1,AA,N387AA,24,14771,SFO,12478,JFK,705,658,0,1540,1501,0,335,2586
22,3,AA,N360AA,24,14771,SFO,12478,JFK,705,656,0,1540,1521,0,335,2586
23,4,AA,N368AA,24,14771,SFO,12478,JFK,705,658,0,1540,1516,0,335,2586
24,5,AA,N381AA,24,14771,SFO,12478,JFK,705,700,0,1540,1546,6,335,2586
25,6,AA,N387AA,24,14771,SFO,12478,JFK,705,655,0,1540,1608,28,335,2586
26,7,AA,N372AA,24,14771,SFO,12478,JFK,705,700,0,1540,1509,0,335,2586
27,1,AA,N332AA,24,14771,SFO,12478,JFK,705,659,0,1540,1515,0,335,2586
28,2,AA,N393AA,24,14771,SFO,12478,JFK,705,658,0,1540,1530,0,335,2586
29,3,AA,N375AA,24,14771,SFO,12478,JFK,705,717,12,1540,1533,0,335,2586
30,4,AA,N353AA,24,14771,SFO,12478,JFK,705,657,0,1540,1456,0,335,2586
31,5,AA,N395AA,24,14771,SFO,12478,JFK,705,654,0,1540,1451,0,335,2586
1,3,AA,N3BAAA,25,10721,BOS,12892,LAX,740,738,0,1110,1108,0,390,2611
2,4,AA,N3JUAA,25,10721,BOS,12892,LAX,740,736,0,1110,1201,51,390,2611
4,6,AA,N3CPAA,25,10721,BOS,12892,LAX,740,929,109,1110,1310,120,390,2611
5,7,AA,N3ARAA,25,10721,BOS,12892,LAX,740,737,0,1110,1104,0,390,2611
6,1,AA,N3FGAA,25,10721,BOS,12892,LAX,740,741,1,1110,1044,0,390,2611
7,2,AA,N3KXAA,25,10721,BOS,12892,LAX,740,743,3,1110,1124,14,390,2611
8,3,AA,N3DGAA,25,10721,BOS,12892,LAX,715,718,3,1045,1116,31,390,2611
9,4,AA,N3KPAA,25,10721,BOS,12892,LAX,715,710,0,1045,1033,0,390,2611
10,5,AA,N3BAAA,25,10721,BOS,12892,LAX,715,712,0,1045,1042,0,390,2611
11,6,AA,N3JPAA,25,10721,BOS,12892,LAX,715,711,0,1045,1054,9,390,2611
12,7,AA,N3HWAA,25,10721,BOS,12892,LAX,715,714,0,1045,1043,0,390,2611
13,1,AA,N3HJAA,25,10721,BOS,12892,LAX,715,709,0,1045,1043,0,390,2611
14,2,AA,N3ETAA,25,10721,BOS,12892,LAX,715,711,0,1045,1024,0,390,2611
15,3,AA,N3EGAA,25,10721,BOS,12892,LAX,715,708,0,1045,1010,0,390,2611
16,4,AA,N3BUAA,25,10721,BOS,12892,LAX,715,712,0,1045,1026,0,390,2611
17,5,AA,N3BLAA,25,10721,BOS,12892,LAX,715,715,0,1045,1038,0,390,2611
18,6,AA,N3KLAA,25,10721,BOS,12892,LAX,715,705,0,1045,1013,0,390,2611
19,7,AA,N3JMAA,25,10721,BOS,12892,LAX,715,708,0,1045,1016,0,390,2611
20,1,AA,N3DHAA,25,10721,BOS,12892,LAX,715,706,0,1045,1041,0,390,2611
21,2,AA,N3FNAA,25,10721,BOS,12892,LAX,715,712,0,1045,1035,0,390,2611
22,3,AA,N3DJAA,25,10721,BOS,12892,LAX,715,715,0,1045,1053,8,390,2611
23,4,AA,N3KXAA,25,10721,BOS,12892,LAX,715,713,0,1045,1029,0,390,2611
24,5,AA,N3GSAA,25,10721,BOS,12892,LAX,715,711,0,1045,1035,0,390,2611
25,6,AA,N3FNAA,25,10721,BOS,12892,LAX,715,710,0,1045,1058,13,390,2611
26,7,AA,N3FDAA,25,10721,BOS,12892,LAX,715,710,0,1045,1255,,390,2611
27,1,AA,N3AKAA,25,10721,BOS,12892,LAX,715,711,0,1045,1040,0,390,2611
28,2,AA,N3ESAA,25,10721,BOS,12892,LAX,715,709,0,1045,1035,0,390,2611
29,3,AA,N3BLAA,25,10721,BOS,12892,LAX,715,711,0,1045,1052,7,390,2611
30,4,AA,N3CRAA,25,10721,BOS,12892,LAX,715,714,0,1045,1119,34,390,2611
31,5,AA,N3CUAA,25,10721,BOS,12892,LAX,715,715,0,1045,1140,55,390,2611
1,3,AA,N5CBAA,28,12892,LAX,13303,MIA,555,622,27,1340,1404,24,285,2342
2,4,AA,N628AA,28,12892,LAX,13303,MIA,555,550,0,1340,1353,13,285,2342
3,5,AA,N639AA,28,12892,LAX,13303,MIA,555,618,23,1340,1409,29,285,2342
4,6,AA,N5DKAA,28,12892,LAX,13303,MIA,555,558,3,1340,1337,0,285,2342
5,7,AA,N5CNAA,28,12892,LAX,13303,MIA,555,551,0,1340,1342,2,285,2342
6,1,AA,N5EHAA,28,12892,LAX,13303,MIA,555,604,9,1340,1351,11,285,2342
7,2,AA,N621AA,28,12892,LAX,13303,MIA,555,549,0,1340,1348,8,285,2342
8,3,AA,N5FCAA,28,12892,LAX,13303,MIA,555,555,0,1340,1402,22,285,2342
9,4,AA,N5DSAA,28,12892,LAX,13303,MIA,555,552,0,1340,1322,0,285,2342
10,5,AA,N5EKAA,28,12892,LAX,13303,MIA,555,551,0,1340,1338,0,285,2342
11,6,AA,N5EPAA,28,12892,LAX,13303,MIA,555,616,21,1340,1351,11,285,2342
12,7,AA,N5CFAA,28,12892,LAX,13303,MIA,555,555,0,1340,1332,0,285,2342
13,1,AA,N5EMAA,28,12892,LAX,13303,MIA,555,550,0,1340,1338,0,285,2342
14,2,AA,N5EHAA,28,12892,LAX,13303,MIA,555,557,2,1340,1352,12,285,2342
15,3,AA,N5EPAA,28,12892,LAX,13303,MIA,555,741,106,1340,1537,117,285,2342
16,4,AA,N5EKAA,28,12892,LAX,13303,MIA,555,546,0,1340,1354,14,285,2342
17,5,AA,N5FDAA,28,12892,LAX,13303,MIA,555,552,0,1340,1339,0,285,2342
18,6,AA,N624AA,28,12892,LAX,13303,MIA,555,550,0,1340,1333,0,285,2342
19,7,AA,N5CPAA,28,12892,LAX,13303,MIA,555,544,0,1340,1328,0,285,2342
20,1,AA,N5CRAA,28,12892,LAX,13303,MIA,555,548,0,1340,1321,0,285,2342
21,2,AA,N633AA,28,12892,LAX,13303,MIA,555,549,0,1340,1314,0,285,2342
22,3,AA,N5CCAA,28,12892,LAX,13303,MIA,555,549,0,1340,1318,0,285,2342
23,4,AA,N5CCAA,28,12892,LAX,13303,MIA,555,555,0,1340,1320,0,285,2342
24,5,AA,N639AA,28,12892,LAX,13303,MIA,555,546,0,1340,1327,0,285,2342
25,6,AA,N5CGAA,28,12892,LAX,13303,MIA,555,547,0,1340,1316,0,285,2342
26,7,AA,N622AA,28,12892,LAX,13303,MIA,555,552,0,1340,1323,0,285,2342
27,1,AA,N5CAAA,28,12892,LAX,13303,MIA,555,542,0,1340,1319,0,285,2342
28,2,AA,N5EAAA,28,12892,LAX,13303,MIA,555,543,0,1340,1321,0,285,2342
29,3,AA,N5DXAA,28,12892,LAX,13303,MIA,555,549,0,1340,1336,0,285,2342
30,4,AA,N5FBAA,28,12892,LAX,13303,MIA,555,544,0,1340,1342,2,285,2342
31,5,AA,N5CFAA,28,12892,LAX,13303,MIA,555,545,0,1340,1346,6,285,2342
1,3,AA,N3EHAA,29,12953,LGA,14027,PBI,730,722,0,1040,1014,0,190,1035
2,4,AA,N3JMAA,29,12953,LGA,14027,PBI,730,853,83,1040,1223,103,190,1035
4,6,AA,N3DDAA,29,12953,LGA,14027,PBI,730,745,15,1040,1037,0,190,1035
5,7,AA,N3GJAA,29,12953,LGA,14027,PBI,730,726,0,1040,1028,0,190,1035
7,2,AA,N3AAAA,29,12953,LGA,14027,PBI,730,733,3,1040,1039,0,190,1035
8,3,AA,N3DCAA,29,12953,LGA,14027,PBI,730,727,0,1040,1049,9,190,1035
9,4,AA,N3FUAA,29,12953,LGA,14027,PBI,730,752,22,1040,1054,14,190,1035
10,5,AA,N3KEAA,29,12953,LGA,14027,PBI,730,720,0,1040,1035,0,190,1035
11,6,AA,N3ABAA,29,12953,LGA,14027,PBI,730,723,0,1040,1013,0,190,1035
12,7,AA,N3BNAA,29,12953,LGA,14027,PBI,730,724,0,1040,1019,0,190,1035
13,1,AA,N3GAAA,29,12953,LGA,14027,PBI,730,721,0,1040,1007,0,190,1035
14,2,AA,N3GLAA,29,12953,LGA,14027,PBI,730,728,0,1040,1036,0,190,1035
15,3,AA,N3BBAA,29,12953,LGA,14027,PBI,730,723,0,1040,1023,0,190,1035
16,4,AA,N3CGAA,29,12953,LGA,14027,PBI,730,725,0,1040,1025,0,190,1035
17,5,AA,N3GBAA,29,12953,LGA,14027,PBI,730,730,0,1040,1030,0,190,1035
18,6,AA,N3KGAA,29,12953,LGA,14027,PBI,730,725,0,1040,1026,0,190,1035
19,7,AA,N3KYAA,29,12953,LGA,14027,PBI,730,755,25,1040,1052,12,190,1035
20,1,AA,N3DYAA,29,12953,LGA,14027,PBI,730,725,0,1040,1015,0,190,1035
21,2,AA,N3HXAA,29,12953,LGA,14027,PBI,730,722,0,1040,1019,0,190,1035
23,4,AA,N3KPAA,29,12953,LGA,14027,PBI,730,728,0,1040,1030,0,190,1035
24,5,AA,N3GPAA,29,12953,LGA,14027,PBI,730,726,0,1040,1025,0,190,1035
25,6,AA,N3AEAA,29,12953,LGA,14027,PBI,730,725,0,1040,1020,0,190,1035
26,7,AA,N3JFAA,29,12953,LGA,14027,PBI,730,719,0,1040,1002,0,190,1035
27,1,AA,N3JGAA,29,12953,LGA,14027,PBI,730,723,0,1040,1012,0,190,1035
28,2,AA,N3HSAA,29,12953,LGA,14027,PBI,730,721,0,1040,1019,0,190,1035
29,3,AA,N3DYAA,29,12953,LGA,14027,PBI,730,725,0,1040,1053,13,190,1035
30,4,AA,N3HPAA,29,12953,LGA,14027,PBI,730,727,0,1040,1046,6,190,1035
31,5,AA,N3HJAA,29,12953,LGA,14027,PBI,730,723,0,1040,1009,0,190,1035
1,3,AA,N3EHAA,29,14027,PBI,12953,LGA,1125,1125,0,1410,1352,0,165,1035
2,4,AA,N3JMAA,29,14027,PBI,12953,LGA,1125,1316,111,1410,1609,119,165,1035
3,5,AA,N3LBAA,29,14027,PBI,12953,LGA,1125,1121,0,1410,1357,0,165,1035
4,6,AA,N3DDAA,29,14027,PBI,12953,LGA,1125,1125,0,1410,1412,2,165,1035
5,7,AA,N3GJAA,29,14027,PBI,12953,LGA,1125,1122,0,1410,1359,0,165,1035
7,2,AA,N3AAAA,29,14027,PBI,12953,LGA,1125,1127,2,1410,1359,0,165,1035
8,3,AA,N3DCAA,29,14027,PBI,12953,LGA,1125,1139,14,1410,1407,0,165,1035
9,4,AA,N3FUAA,29,14027,PBI,12953,LGA,1125,1145,20,1410,1408,0,165,1035
10,5,AA,N3KEAA,29,14027,PBI,12953,LGA,1125,1132,7,1410,1413,3,165,1035
11,6,AA,N3ABAA,29,14027,PBI,12953,LGA,1125,1115,0,1410,1347,0,165,1035
12,7,AA,N3BNAA,29,14027,PBI,12953,LGA,1125,1125,0,1410,1408,0,165,1035
13,1,AA,N3GAAA,29,14027,PBI,12953,LGA,1125,1122,0,1410,1405,0,165,1035
14,2,AA,N3GLAA,29,14027,PBI,12953,LGA,1125,1121,0,1410,1354,0,165,1035
15,3,AA,N3BBAA,29,14027,PBI,12953,LGA,1125,1114,0,1410,1342,0,165,1035
16,4,AA,N3CGAA,29,14027,PBI,12953,LGA,1125,1117,0,1410,1418,8,165,1035
17,5,AA,N3GBAA,29,14027,PBI,12953,LGA,1125,1120,0,1410,1355,0,165,1035
18,6,AA,N3KGAA,29,14027,PBI,12953,LGA,1125,1115,0,1410,1349,0,165,1035
19,7,AA,N3KYAA,29,14027,PBI,12953,LGA,1125,1219,54,1410,1508,58,165,1035
20,1,AA,N3DYAA,29,14027,PBI,12953,LGA,1125,1117,0,1410,1400,0,165,1035
22,3,AA,N3HXAA,29,14027,PBI,12953,LGA,1125,1142,17,1410,1416,6,165,1035
23,4,AA,N3KPAA,29,14027,PBI,12953,LGA,1125,1125,0,1410,1413,3,165,1035
24,5,AA,N3GPAA,29,14027,PBI,12953,LGA,1125,1118,0,1410,1402,0,165,1035
25,6,AA,N3AEAA,29,14027,PBI,12953,LGA,1125,1115,0,1410,1356,0,165,1035
26,7,AA,N3JFAA,29,14027,PBI,12953,LGA,1125,1122,0,1410,1401,0,165,1035
27,1,AA,N3JGAA,29,14027,PBI,12953,LGA,1125,1137,12,1410,1417,7,165,1035
28,2,AA,N3HSAA,29,14027,PBI,12953,LGA,1125,1120,0,1410,1351,0,165,1035
29,3,AA,N3DYAA,29,14027,PBI,12953,LGA,1125,1124,0,1410,1352,0,165,1035
30,4,AA,N3HPAA,29,14027,PBI,12953,LGA,1125,1118,0,1410,1344,0,165,1035
31,5,AA,N3HJAA,29,14027,PBI,12953,LGA,1125,1111,0,1410,1338,0,165,1035
1,3,AA,N327AA,30,12892,LAX,12478,JFK,2325,2331,6,745,816,31,320,2475
2,4,AA,N327AA,30,12892,LAX,12478,JFK,2325,31,66,745,2225,,320,2475
3,5,AA,N336AA,30,12892,LAX,12478,JFK,2325,2340,15,745,741,0,320,2475
4,6,AA,N323AA,30,12892,LAX,12478,JFK,2325,2323,0,745,739,0,320,2475
5,7,AA,N319AA,30,12892,LAX,12478,JFK,2325,2325,0,745,754,9,320,2475
6,1,AA,N327AA,30,12892,LAX,12478,JFK,2325,2326,1,745,754,9,320,2475
7,2,AA,N335AA,30,12892,LAX,12478,JFK,2325,2,37,745,750,5,320,2475
8,3,AA,N319AA,30,12892,LAX,12478,JFK,2325,2320,0,745,716,0,320,2475
9,4,AA,N328AA,30,12892,LAX,12478,JFK,2325,2321,0,745,726,0,320,2475
10,5,AA,N336AA,30,12892,LAX,12478,JFK,2325,2327,2,745,749,4,320,2475
11,6,AA,N338AA,30,12892,LAX,12478,JFK,2325,2326,1,745,717,0,320,2475
12,7,AA,N339AA,30,12892,LAX,12478,JFK,2325,136,131,745,1001,136,320,2475
13,1,AA,N328AA,30,12892,LAX,12478,JFK,2325,2341,16,745,807,22,320,2475
14,2,AA,N336AA,30,12892,LAX,12478,JFK,2325,2317,0,745,750,5,320,2475
15,3,AA,N319AA,30,12892,LAX,12478,JFK,2325,58,93,745,900,75,320,2475
16,4,AA,N338AA,30,12892,LAX,12478,JFK,2325,2325,0,745,751,6,320,2475
17,5,AA,N332AA,30,12892,LAX,12478,JFK,2325,2334,9,745,752,7,320,2475
18,6,AA,N339AA,30,12892,LAX,12478,JFK,2325,2320,0,745,735,0,320,2475
19,7,AA,N332AA,30,12892,LAX,12478,JFK,2325,2315,0,745,710,0,320,2475
20,1,AA,N339AA,30,12892,LAX,12478,JFK,2325,2327,2,745,721,0,320,2475
22,3,AA,N319AA,30,12892,LAX,12478,JFK,2325,2330,5,745,722,0,320,2475
23,4,AA,N328AA,30,12892,LAX,12478,JFK,2325,2344,19,745,746,1,320,2475
24,5,AA,N339AA,30,12892,LAX,12478,JFK,2325,2329,4,745,810,25,320,2475
25,6,AA,N335AA,30,12892,LAX,12478,JFK,2325,6,41,745,756,11,320,2475
26,7,AA,N328AA,30,12892,LAX,12478,JFK,2325,2318,0,745,717,0,320,2475
27,1,AA,N328AA,30,12892,LAX,12478,JFK,2325,2325,0,745,731,0,320,2475
28,2,AA,N332AA,30,12892,LAX,12478,JFK,2325,2322,0,745,746,1,320,2475
29,3,AA,N328AA,30,12892,LAX,12478,JFK,2325,2322,0,745,737,0,320,2475
30,4,AA,N332AA,30,12892,LAX,12478,JFK,2325,2338,13,745,719,0,320,2475
31,5,AA,N336AA,30,12892,LAX,12478,JFK,2325,2331,6,745,713,0,320,2475
1,3,AA,N5FCAA,31,12892,LAX,12173,HNL,810,811,1,1210,1159,0,360,2556
2,4,AA,N5DHAA,31,12892,LAX,12173,HNL,810,806,0,1210,1156,0,360,2556
3,5,AA,N5DFAA,31,12892,LAX,12173,HNL,810,815,5,1210,1226,16,360,2556
4,6,AA,N5ESAA,31,12892,LAX,12173,HNL,810,851,41,1210,1309,59,360,2556
5,7,AA,N5ECAA,31,12892,LAX,12173,HNL,810,807,0,1210,1241,31,360,2556
6,1,AA,N5FCAA,31,12892,LAX,12173,HNL,810,812,2,1210,1224,14,360,2556
7,2,AA,N5FDAA,31,12892,LAX,12173,HNL,810,815,5,1210,1209,0,360,2556
8,3,AA,N5DJAA,31,12892,LAX,12173,HNL,810,805,0,1210,1201,0,360,2556
9,4,AA,N5FBAA,31,12892,LAX,12173,HNL,810,807,0,1210,1207,0,360,2556
10,5,AA,N5ERAA,31,12892,LAX,12173,HNL,810,805,0,1210,1208,0,360,2556
11,6,AA,N5ERAA,31,12892,LAX,12173,HNL,810,814,4,1210,1220,10,360,2556
12,7,AA,N5DJAA,31,12892,LAX,12173,HNL,810,804,0,1210,1143,0,360,2556
13,1,AA,N5ESAA,31,12892,LAX,12173,HNL,810,807,0,1210,1146,0,360,2556
14,2,AA,N5FBAA,31,12892,LAX,12173,HNL,810,803,0,1210,1157,0,360,2556
15,3,AA,N5ECAA,31,12892,LAX,12173,HNL,810,803,0,1210,1155,0,360,2556
16,4,AA,N5FBAA,31,12892,LAX,12173,HNL,810,900,50,1210,1302,52,360,2556
17,5,AA,N5DJAA,31,12892,LAX,12173,HNL,810,807,0,1210,1159,0,360,2556
18,6,AA,N5DGAA,31,12892,LAX,12173,HNL,810,808,0,1210,1155,0,360,2556
19,7,AA,N5FCAA,31,12892,LAX,12173,HNL,810,809,0,1210,1206,0,360,2556
20,1,AA,N5ESAA,31,12892,LAX,12173,HNL,810,807,0,1210,1147,0,360,2556
21,2,AA,N5DJAA,31,12892,LAX,12173,HNL,810,801,0,1210,1157,0,360,2556
22,3,AA,N5DGAA,31,12892,LAX,12173,HNL,810,809,0,1210,1211,1,360,2556
23,4,AA,N5DGAA,31,12892,LAX,12173,HNL,810,809,0,1210,1240,30,360,2556
24,5,AA,N5DHAA,31,12892,LAX,12173,HNL,810,804,0,1210,1152,0,360,2556
25,6,AA,N5DJAA,31,12892,LAX,12173,HNL,810,808,0,1210,1203,0,360,2556
26,7,AA,N5DHAA,31,12892,LAX,12173,HNL,810,806,0,1210,1239,29,360,2556
27,1,AA,N5EDAA,31,12892,LAX,12173,HNL,810,805,0,1210,1223,13,360,2556
28,2,AA,N5DJAA,31,12892,LAX,12173,HNL,810,805,0,1210,1223,13,360,2556
29,3,AA,N5DGAA,31,12892,LAX,12173,HNL,810,803,0,1210,1215,5,360,2556
30,4,AA,N5DFAA,31,12892,LAX,12173,HNL,810,802,0,1210,1238,28,360,2556
31,5,AA,N5DGAA,31,12892,LAX,12173,HNL,810,808,0,1210,1220,10,360,2556
1,3,AA,N338AA,32,12892,LAX,12478,JFK,1345,1339,0,2210,2142,0,325,2475
4,6,AA,N327AA,32,12892,LAX,12478,JFK,1345,1422,37,2210,2229,19,325,2475
5,7,AA,N323AA,32,12892,LAX,12478,JFK,1345,1515,90,2210,2356,106,325,2475
6,1,AA,N319AA,32,12892,LAX,12478,JFK,1345,1344,0,2210,2157,0,325,2475
7,2,AA,N328AA,32,12892,LAX,12478,JFK,1345,1339,0,2210,2140,0,325,2475
8,3,AA,N323AA,32,12892,LAX,12478,JFK,1345,1342,0,2210,2154,0,325,2475
9,4,AA,N339AA,32,12892,LAX,12478,JFK,1345,1439,54,2210,2240,30,325,2475
10,5,AA,N319AA,32,12892,LAX,12478,JFK,1345,1341,0,2210,2159,0,325,2475
11,6,AA,N328AA,32,12892,LAX,12478,JFK,1345,1445,60,2210,2304,54,325,2475
12,7,AA,N338AA,32,12892,LAX,12478,JFK,1345,1342,0,2210,2129,0,325,2475
13,1,AA,N332AA,32,12892,LAX,12478,JFK,1345,1339,0,2210,2205,0,325,2475
14,2,AA,N339AA,32,12892,LAX,12478,JFK,1345,1345,0,2210,2213,3,325,2475
15,3,AA,N786AA,32,12892,LAX,12478,JFK,1345,1342,0,2215,157,,330,2475
16,4,AA,N783AA,32,12892,LAX,12478,JFK,1345,1340,0,2215,2223,8,330,2475
17,5,AA,N783AA,32,12892,LAX,12478,JFK,1345,1337,0,2215,2220,5,330,2475
18,6,AA,N783AA,32,12892,LAX,12478,JFK,1345,1342,0,2215,2209,0,330,2475
20,1,AA,N783AA,32,12892,LAX,12478,JFK,1345,1340,0,2215,2143,0,330,2475
22,3,AA,N785AA,32,12892,LAX,12478,JFK,1345,1342,0,2215,2149,0,330,2475
23,4,AA,N785AA,32,12892,LAX,12478,JFK,1345,1504,79,2215,2313,58,330,2475
24,5,AA,N785AA,32,12892,LAX,12478,JFK,1345,1337,0,2215,2214,0,330,2475
25,6,AA,N785AA,32,12892,LAX,12478,JFK,1345,1339,0,2215,2231,16,330,2475
26,7,AA,N784AA,32,12892,LAX,12478,JFK,1345,1342,0,2215,2202,0,330,2475
27,1,AA,N783AA,32,12892,LAX,12478,JFK,1345,1343,0,2215,2152,0,330,2475
28,2,AA,N783AA,32,12892,LAX,12478,JFK,1345,1357,12,2215,2215,0,330,2475
29,3,AA,N785AA,32,12892,LAX,12478,JFK,1345,1344,0,2215,2218,3,330,2475
30,4,AA,N783AA,32,12892,LAX,12478,JFK,1345,1339,0,2215,2137,0,330,2475
31,5,AA,N785AA,32,12892,LAX,12478,JFK,1345,1337,0,2215,2121,0,330,2475
2,4,AA,N335AA,33,12478,JFK,12892,LAX,730,738,8,1050,1124,34,380,2475
5,7,AA,N335AA,33,12478,JFK,12892,LAX,730,732,2,1050,1044,0,380,2475
6,1,AA,N332AA,33,12478,JFK,12892,LAX,730,804,34,1050,1111,21,380,2475
7,2,AA,N323AA,33,12478,JFK,12892,LAX,730,901,91,1050,1226,96,380,2475
8,3,AA,N338AA,33,12478,JFK,12892,LAX,730,727,0,1050,1101,11,380,2475
9,4,AA,N335AA,33,12478,JFK,12892,LAX,730,725,0,1050,1050,0,380,2475
10,5,AA,N323AA,33,12478,JFK,12892,LAX,730,731,1,1050,1034,0,380,2475
12,7,AA,N319AA,33,12478,JFK,12892,LAX,730,728,0,1050,1037,0,380,2475
13,1,AA,N335AA,33,12478,JFK,12892,LAX,730,734,4,1050,1039,0,380,2475
14,2,AA,N332AA,33,12478,JFK,12892,LAX,730,725,0,1050,1023,0,380,2475
15,3,AA,N328AA,33,12478,JFK,12892,LAX,730,729,0,1050,1014,0,380,2475
16,4,AA,N336AA,33,12478,JFK,12892,LAX,730,734,4,1050,1010,0,380,2475
17,5,AA,N335AA,33,12478,JFK,12892,LAX,730,748,18,1050,1031,0,380,2475
19,7,AA,N338AA,33,12478,JFK,12892,LAX,730,738,8,1050,1028,0,380,2475
20,1,AA,N328AA,33,12478,JFK,12892,LAX,730,726,0,1050,1033,0,380,2475
21,2,AA,N336AA,33,12478,JFK,12892,LAX,730,727,0,1050,1033,0,380,2475
23,4,AA,N332AA,33,12478,JFK,12892,LAX,730,739,9,1050,1047,0,380,2475
24,5,AA,N335AA,33,12478,JFK,12892,LAX,730,723,0,1050,1022,0,380,2475
26,7,AA,N339AA,33,12478,JFK,12892,LAX,730,935,125,1050,1304,134,380,2475
27,1,AA,N335AA,33,12478,JFK,12892,LAX,730,724,0,1050,1039,0,380,2475
28,2,AA,N338AA,33,12478,JFK,12892,LAX,730,724,0,1050,1024,0,380,2475
29,3,AA,N336AA,33,12478,JFK,12892,LAX,730,728,0,1050,1046,0,380,2475
30,4,AA,N339AA,33,12478,JFK,12892,LAX,730,746,16,1050,1059,9,380,2475
31,5,AA,N338AA,33,12478,JFK,12892,LAX,730,726,0,1055,1136,41,385,2475
1,3,AA,N327AA,34,12892,LAX,12478,JFK,800,758,0,1625,1555,0,325,2475
2,4,AA,N336AA,34,12892,LAX,12478,JFK,800,754,0,1625,1635,10,325,2475
3,5,AA,N319AA,34,12892,LAX,12478,JFK,800,806,6,1625,1755,90,325,2475
4,6,AA,N339AA,34,12892,LAX,12478,JFK,800,757,0,1625,1617,0,325,2475
5,7,AA,N336AA,34,12892,LAX,12478,JFK,800,753,0,1625,1606,0,325,2475
6,1,AA,N327AA,34,12892,LAX,12478,JFK,800,757,0,1625,1615,0,325,2475
7,2,AA,N332AA,34,12892,LAX,12478,JFK,800,807,7,1625,1712,47,325,2475
8,3,AA,N339AA,34,12892,LAX,12478,JFK,800,754,0,1625,1600,0,325,2475
9,4,AA,N338AA,34,12892,LAX,12478,JFK,800,755,0,1625,1611,0,325,2475
10,5,AA,N335AA,34,12892,LAX,12478,JFK,800,813,13,1625,1622,0,325,2475
11,6,AA,N323AA,34,12892,LAX,12478,JFK,800,758,0,1625,1925,,325,2475
13,1,AA,N319AA,34,12892,LAX,12478,JFK,800,755,0,1625,1559,0,325,2475
14,2,AA,N335AA,34,12892,LAX,12478,JFK,800,753,0,1625,1624,0,325,2475
15,3,AA,N332AA,34,12892,LAX,12478,JFK,800,752,0,1625,1632,7,325,2475
16,4,AA,N339AA,34,12892,LAX,12478,JFK,800,756,0,1625,1629,4,325,2475
17,5,AA,N336AA,34,12892,LAX,12478,JFK,800,756,0,1625,1617,0,325,2475
18,6,AA,N335AA,34,12892,LAX,12478,JFK,800,754,0,1625,1605,0,325,2475
19,7,AA,N319AA,34,12892,LAX,12478,JFK,800,912,72,1625,1729,64,325,2475
20,1,AA,N338AA,34,12892,LAX,12478,JFK,800,749,0,1625,1543,0,325,2475
21,2,AA,N328AA,34,12892,LAX,12478,JFK,800,756,0,1625,1642,17,325,2475
22,3,AA,N336AA,34,12892,LAX,12478,JFK,800,757,0,1625,1606,0,325,2475
23,4,AA,N339AA,34,12892,LAX,12478,JFK,800,750,0,1625,1603,0,325,2475
24,5,AA,N332AA,34,12892,LAX,12478,JFK,800,754,0,1625,1634,9,325,2475
25,6,AA,N5DGAA,34,12892,LAX,12478,JFK,800,751,0,1625,1637,12,325,2475
26,7,AA,N338AA,34,12892,LAX,12478,JFK,800,755,0,1625,1621,0,325,2475
27,1,AA,N339AA,34,12892,LAX,12478,JFK,800,755,0,1625,1604,0,325,2475
28,2,AA,N335AA,34,12892,LAX,12478,JFK,800,832,32,1625,1643,18,325,2475
29,3,AA,N338AA,34,12892,LAX,12478,JFK,800,759,0,1625,1635,10,325,2475
30,4,AA,N5EDAA,34,12892,LAX,12478,JFK,800,1053,173,1625,1848,143,325,2475
31,5,AA,N339AA,34,12892,LAX,12478,JFK,800,757,0,1625,1539,0,325,2475
1,3,AA,N4UBAA,35,11298,DFW,14869,SLC,1840,1858,18,2030,2052,22,170,989
2,4,AA,N473AA,35,11298,DFW,14869,SLC,1840,1956,76,2030,2133,63,170,989
3,5,AA,N496AA,35,11298,DFW,14869,SLC,1840,1839,0,2030,2025,0,170,989
4,6,AA,N558AA,35,11298,DFW,14869,SLC,1840,1851,11,2030,2043,13,170,989
6,1,AA,N469AA,35,11298,DFW,14869,SLC,1840,1846,6,2030,2024,0,170,989
7,2,AA,N436AA,35,11298,DFW,14869,SLC,1840,1841,1,2030,2027,0,170,989
8,3,AA,N480AA,35,11298,DFW,14869,SLC,1840,1908,28,2030,2057,27,170,989
9,4,AA,N560AA,35,11298,DFW,14869,SLC,1840,1839,0,2030,2038,8,170,989
10,5,AA,N481AA,35,11298,DFW,14869,SLC,1840,1836,0,2030,2030,0,170,989
11,6,AA,N4YRAA,35,11298,DFW,14869,SLC,1840,1837,0,2030,2016,0,170,989
12,7,AA,N587AA,35,11298,DFW,14869,SLC,1840,1844,4,2030,2037,7,170,989
13,1,AA,N480AA,35,11298,DFW,14869,SLC,1840,1839,0,2030,2030,0,170,989
14,2,AA,N545AA,35,11298,DFW,14869,SLC,1840,1838,0,2030,2024,0,170,989
15,3,AA,N508AA,35,11298,DFW,14869,SLC,1840,1956,76,2030,2146,76,170,989
16,4,AA,N530AA,35,11298,DFW,14869,SLC,1840,1911,31,2030,2056,26,170,989
17,5,AA,N4WNAA,35,11298,DFW,14869,SLC,1840,1837,0,2030,2011,0,170,989
18,6,AA,N481AA,35,11298,DFW,14869,SLC,1840,1840,0,2030,2009,0,170,989
19,7,AA,N584AA,35,11298,DFW,14869,SLC,1840,1841,1,2030,2015,0,170,989
20,1,AA,N556AA,35,11298,DFW,14869,SLC,1840,1835,0,2030,2024,0,170,989
21,2,AA,N596AA,35,11298,DFW,14869,SLC,1840,1835,0,2030,2022,0,170,989
22,3,AA,N4YHAA,35,11298,DFW,14869,SLC,1840,1858,18,2030,2347,,170,989
23,4,AA,N551AA,35,11298,DFW,14869,SLC,1840,1845,5,2030,2030,0,170,989
24,5,AA,N4XJAA,35,11298,DFW,14869,SLC,1840,1837,0,2030,2006,0,170,989
25,6,AA,N4WSAA,35,11298,DFW,14869,SLC,1840,1849,9,2030,2026,0,170,989
26,7,AA,N470AA,35,11298,DFW,14869,SLC,1840,1905,25,2030,2059,29,170,989
27,1,AA,N4WTAA,35,11298,DFW,14869,SLC,1840,1913,33,2030,2057,27,170,989
28,2,AA,N474AA,35,11298,DFW,14869,SLC,1840,1848,8,2030,2040,10,170,989
29,3,AA,N547AA,35,11298,DFW,14869,SLC,1840,1836,0,2030,2048,18,170,989
30,4,AA,N584AA,35,11298,DFW,14869,SLC,1840,1837,0,2030,2022,0,170,989
31,5,AA,N439AA,35,11298,DFW,14869,SLC,1840,1841,1,2030,2024,0,170,989
1,3,AA,N3ANAA,40,14027,PBI,13930,ORD,625,623,0,835,852,17,190,1144
2,4,AA,N3DXAA,40,14027,PBI,13930,ORD,625,627,2,835,833,0,190,1144
3,5,AA,N3DYAA,40,14027,PBI,13930,ORD,625,630,5,835,846,11,190,1144
4,6,AA,N3EYAA,40,14027,PBI,13930,ORD,625,638,13,835,841,6,190,1144
5,7,AA,N3JFAA,40,14027,PBI,13930,ORD,625,626,1,835,839,4,190,1144
6,1,AA,N3HYAA,40,14027,PBI,13930,ORD,625,625,0,835,948,73,190,1144
1,3,AA,N575AA,43,11298,DFW,11433,DTW,1120,1130,10,1455,1503,8,155,986
2,4,AA,N473AA,43,11298,DFW,11433,DTW,1120,1150,30,1455,1520,25,155,986
3,5,AA,N496AA,43,11298,DFW,11433,DTW,1120,1117,0,1455,1445,0,155,986
4,6,AA,N558AA,43,11298,DFW,11433,DTW,1120,1140,20,1455,1510,15,155,986
6,1,AA,N537AA,43,11298,DFW,11433,DTW,1120,1340,140,1455,1710,135,155,986
8,3,AA,N566AA,43,11298,DFW,11433,DTW,1120,1136,16,1455,1501,6,155,986
9,4,AA,N560AA,43,11298,DFW,11433,DTW,1120,1123,3,1455,1501,6,155,986
10,5,AA,N481AA,43,11298,DFW,11433,DTW,1120,1119,0,1455,1444,0,155,986
11,6,AA,N4YRAA,43,11298,DFW,11433,DTW,1120,1118,0,1455,1449,0,155,986
12,7,AA,N587AA,43,11298,DFW,11433,DTW,1120,1129,9,1455,1500,5,155,986
13,1,AA,N4XXAA,43,11298,DFW,11433,DTW,1120,1117,0,1455,1450,0,155,986
14,2,AA,N545AA,43,11298,DFW,11433,DTW,1120,1119,0,1455,1448,0,155,986
15,3,AA,N544AA,43,11298,DFW,11433,DTW,1120,1200,40,1455,1556,61,155,986
16,4,AA,N530AA,43,11298,DFW,11433,DTW,1120,1151,31,1455,1514,19,155,986
17,5,AA,N4WNAA,43,11298,DFW,11433,DTW,1120,1117,0,1455,1457,2,155,986
18,6,AA,N481AA,43,11298,DFW,11433,DTW,1120,1118,0,1455,1448,0,155,986
19,7,AA,N584AA,43,11298,DFW,11433,DTW,1120,1113,0,1455,1457,2,155,986
20,1,AA,N575AA,43,11298,DFW,11433,DTW,1120,1111,0,1455,1428,0,155,986
21,2,AA,N4WSAA,43,11298,DFW,11433,DTW,1120,1116,0,1455,1503,8,155,986
22,3,AA,N4YHAA,43,11298,DFW,11433,DTW,1120,1118,0,1455,1453,0,155,986
23,4,AA,N551AA,43,11298,DFW,11433,DTW,1120,1128,8,1455,1458,3,155,986
24,5,AA,N4XJAA,43,11298,DFW,11433,DTW,1120,1115,0,1455,1449,0,155,986
25,6,AA,N520AA,43,11298,DFW,11433,DTW,1120,1142,22,1455,1521,26,155,986
26,7,AA,N470AA,43,11298,DFW,11433,DTW,1120,1114,0,1455,1459,4,155,986
27,1,AA,N4YLAA,43,11298,DFW,11433,DTW,1120,1114,0,1455,1434,0,155,986
28,2,AA,N484AA,43,11298,DFW,11433,DTW,1120,1153,33,1455,1508,13,155,986
29,3,AA,N547AA,43,11298,DFW,11433,DTW,1120,1121,1,1455,1447,0,155,986
30,4,AA,N584AA,43,11298,DFW,11433,DTW,1120,1120,0,1455,1447,0,155,986
31,5,AA,N439AA,43,11298,DFW,11433,DTW,1120,1129,9,1455,1453,0,155,986
1,3,AA,N575AA,43,11433,DTW,11298,DFW,1535,1549,14,1755,1835,40,200,986
2,4,AA,N473AA,43,11433,DTW,11298,DFW,1535,1626,51,1755,1850,55,200,986
3,5,AA,N496AA,43,11433,DTW,11298,DFW,1535,1543,8,1755,1719,0,200,986
4,6,AA,N558AA,43,11433,DTW,11298,DFW,1535,1554,19,1755,1752,0,200,986
6,1,AA,N537AA,43,11433,DTW,11298,DFW,1535,1811,156,1755,2011,136,200,986
7,2,AA,N4YAAA,43,11433,DTW,11298,DFW,1535,1815,160,1755,2025,150,200,986
8,3,AA,N566AA,43,11433,DTW,11298,DFW,1535,1548,13,1755,1805,10,200,986
9,4,AA,N560AA,43,11433,DTW,11298,DFW,1535,1545,10,1755,1740,0,200,986
10,5,AA,N481AA,43,11433,DTW,11298,DFW,1535,1528,0,1755,1740,0,200,986
11,6,AA,N4YRAA,43,11433,DTW,11298,DFW,1535,1533,0,1755,1734,0,200,986
12,7,AA,N587AA,43,11433,DTW,11298,DFW,1535,1544,9,1755,1752,0,200,986
13,1,AA,N4XXAA,43,11433,DTW,11298,DFW,1535,1526,0,1755,1728,0,200,986
14,2,AA,N545AA,43,11433,DTW,11298,DFW,1535,1534,0,1755,1733,0,200,986
15,3,AA,N544AA,43,11433,DTW,11298,DFW,1535,1636,61,1755,1800,5,200,986
16,4,AA,N530AA,43,11433,DTW,11298,DFW,1535,1552,17,1755,1818,23,200,986
17,5,AA,N4WNAA,43,11433,DTW,11298,DFW,1535,1547,12,1755,1713,0,200,986
18,6,AA,N481AA,43,11433,DTW,11298,DFW,1535,1543,8,1755,1740,0,200,986
19,7,AA,N584AA,43,11433,DTW,11298,DFW,1535,1534,0,1755,1720,0,200,986
20,1,AA,N575AA,43,11433,DTW,11298,DFW,1535,1526,0,1755,1739,0,200,986
21,2,AA,N4WSAA,43,11433,DTW,11298,DFW,1535,1541,6,1755,1730,0,200,986
22,3,AA,N4YHAA,43,11433,DTW,11298,DFW,1535,1532,0,1755,1811,16,200,986
23,4,AA,N551AA,43,11433,DTW,11298,DFW,1535,1545,10,1755,1747,0,200,986
24,5,AA,N4XJAA,43,11433,DTW,11298,DFW,1535,1537,2,1755,1709,0,200,986
25,6,AA,N520AA,43,11433,DTW,11298,DFW,1535,1625,50,1755,1805,10,200,986
26,7,AA,N470AA,43,11433,DTW,11298,DFW,1535,1540,5,1755,1756,1,200,986
27,1,AA,N4YLAA,43,11433,DTW,11298,DFW,1535,1528,0,1755,1812,17,200,986
28,2,AA,N484AA,43,11433,DTW,11298,DFW,1535,1557,22,1755,1753,0,200,986
29,3,AA,N547AA,43,11433,DTW,11298,DFW,1535,1532,0,1755,1708,0,200,986
30,4,AA,N584AA,43,11433,DTW,11298,DFW,1535,1539,4,1755,1718,0,200,986
31,5,AA,N439AA,43,11433,DTW,11298,DFW,1535,1543,8,1755,1745,0,200,986
1,3,AA,N3DVAA,44,12889,LAS,12478,JFK,825,820,0,1625,1549,0,300,2248
2,4,AA,N3HSAA,44,12889,LAS,12478,JFK,825,822,0,1625,1642,17,300,2248
3,5,AA,N3DNAA,44,12889,LAS,12478,JFK,825,824,0,1625,1656,31,300,2248
4,6,AA,N3DHAA,44,12889,LAS,12478,JFK,825,916,51,1625,1703,38,300,2248
5,7,AA,N3FLAA,44,12889,LAS,12478,JFK,825,1011,106,1625,1758,93,300,2248
6,1,AA,N3HHAA,44,12889,LAS,12478,JFK,825,824,0,1625,1616,0,300,2248
7,2,AA,N3KUAA,44,12889,LAS,12478,JFK,825,824,0,1625,1613,0,300,2248
8,3,AA,N3JPAA,44,12889,LAS,12478,JFK,820,820,0,1620,1614,0,300,2248
9,4,AA,N3JBAA,44,12889,LAS,12478,JFK,820,829,9,1620,1606,0,300,2248
10,5,AA,N3AUAA,44,12889,LAS,12478,JFK,820,819,0,1620,1606,0,300,2248
11,6,AA,N3KTAA,44,12889,LAS,12478,JFK,820,819,0,1620,1958,,300,2248
12,7,AA,N3EAAA,44,12889,LAS,12478,JFK,820,900,40,1620,1706,46,300,2248
13,1,AA,N3GHAA,44,12889,LAS,12478,JFK,820,818,0,1620,1616,0,300,2248
14,2,AA,N3HKAA,44,12889,LAS,12478,JFK,820,819,0,1620,1616,0,300,2248
26,7,AA,N3FVAA,154,13930,ORD,13204,MCO,1940,1954,14,2315,2319,4,155,1005
27,1,AA,N3FBAA,154,13930,ORD,13204,MCO,1940,1949,9,2315,2313,0,155,1005
30,4,AA,N3BGAA,154,13930,ORD,13204,MCO,1940,2026,46,2315,3,48,155,1005
31,5,AA,N3BGAA,154,13930,ORD,13204,MCO,1940,1940,0,2315,2312,0,155,1005
1,3,AA,N571AA,155,11298,DFW,15376,TUS,1805,1822,17,1930,1935,5,145,813
2,4,AA,N4UBAA,155,11298,DFW,15376,TUS,1805,1812,7,1930,1927,0,145,813
3,5,AA,N4YRAA,155,11298,DFW,15376,TUS,1805,1817,12,1930,1928,0,145,813
4,6,AA,N496AA,155,11298,DFW,15376,TUS,1805,1808,3,1930,1931,1,145,813
5,7,AA,N586AA,155,11298,DFW,15376,TUS,1805,1932,87,1930,2051,81,145,813
6,1,AA,N585AA,155,11298,DFW,15376,TUS,1805,2204,239,1930,2312,222,145,813
7,2,AA,N519AA,155,11298,DFW,15376,TUS,1805,1809,4,1930,1922,0,145,813
8,3,AA,N504AA,155,11298,DFW,15376,TUS,1805,1838,33,1930,2001,31,145,813
9,4,AA,N595AA,155,11298,DFW,15376,TUS,1805,1854,49,1930,2024,54,145,813
10,5,AA,N469AA,155,11298,DFW,15376,TUS,1805,1840,35,1930,1950,20,145,813
11,6,AA,N481AA,155,11298,DFW,15376,TUS,1805,1819,14,1930,1924,0,145,813
12,7,AA,N584AA,155,11298,DFW,15376,TUS,1805,1913,68,1930,2031,61,145,813
13,1,AA,N4YNAA,155,11298,DFW,15376,TUS,1805,1822,17,1930,1929,0,145,813
14,2,AA,N486AA,155,11298,DFW,15376,TUS,1805,1803,0,1930,1913,0,145,813
15,3,AA,N540AA,155,11298,DFW,15376,TUS,1805,1812,7,1930,1921,0,145,813
16,4,AA,N439AA,155,11298,DFW,15376,TUS,1805,1818,13,1930,1931,1,145,813
17,5,AA,N4YSAA,155,11298,DFW,15376,TUS,1805,1839,34,1930,1954,24,145,813
18,6,AA,N484AA,155,11298,DFW,15376,TUS,1805,1759,0,1930,1909,0,145,813
19,7,AA,N573AA,155,11298,DFW,15376,TUS,1805,1759,0,1930,1919,0,145,813
20,1,AA,N549AA,155,11298,DFW,15376,TUS,1805,1805,0,1930,1927,0,145,813
21,2,AA,N4XBAA,155,11298,DFW,15376,TUS,1805,1806,1,1930,1924,0,145,813
22,3,AA,N544AA,155,11298,DFW,15376,TUS,1805,1810,5,1930,1929,0,145,813
23,4,AA,N526AA,155,11298,DFW,15376,TUS,1805,1816,11,1930,1942,12,145,813
24,5,AA,N470AA,155,11298,DFW,15376,TUS,1805,1822,17,1930,1951,21,145,813
25,6,AA,N482AA,155,11298,DFW,15376,TUS,1805,1806,1,1930,1930,0,145,813
26,7,AA,N490AA,155,11298,DFW,15376,TUS,1805,1806,1,1930,1927,0,145,813
27,1,AA,N585AA,155,11298,DFW,15376,TUS,1805,1812,7,1930,1942,12,145,813
28,2,AA,N4XBAA,155,11298,DFW,15376,TUS,1805,1827,22,1930,1945,15,145,813
29,3,AA,N4YFAA,155,11298,DFW,15376,TUS,1805,1823,18,1930,1928,0,145,813
30,4,AA,N4XTAA,155,11298,DFW,15376,TUS,1805,1925,80,1930,2035,65,145,813
31,5,AA,N4WVAA,155,11298,DFW,15376,TUS,1805,1800,0,1930,1921,0,145,813
1,3,AA,N4XBAA,156,12892,LAX,15016,STL,1200,1215,15,1735,1744,9,215,1592
2,4,AA,N202AA,156,12892,LAX,15016,STL,1200,1225,25,1735,1834,59,215,1592
3,5,AA,N530AA,156,12892,LAX,15016,STL,1200,1158,0,1735,1750,15,215,1592
4,6,AA,N424AA,156,12892,LAX,15016,STL,1200,1221,21,1735,1741,6,215,1592
6,1,AA,N202AA,156,12892,LAX,15016,STL,1200,1157,0,1735,1735,0,215,1592
7,2,AA,N4XBAA,156,12892,LAX,15016,STL,1200,1159,0,1735,1752,17,215,1592
8,3,AA,N473AA,156,12892,LAX,15016,STL,1200,1155,0,1735,1737,2,215,1592
9,4,AA,N4XKAA,156,12892,LAX,15016,STL,1200,1155,0,1735,1722,0,215,1592
10,5,AA,N438AA,156,12892,LAX,15016,STL,1200,1154,0,1735,1725,0,215,1592
11,6,AA,N567AA,156,12892,LAX,15016,STL,1200,1150,0,1735,1821,46,215,1592
12,7,AA,N474AA,156,12892,LAX,15016,STL,1200,1205,5,1735,1729,0,215,1592
13,1,AA,N4YAAA,156,12892,LAX,15016,STL,1200,1155,0,1735,1733,0,215,1592
14,2,AA,N4WNAA,156,12892,LAX,15016,STL,1200,1156,0,1735,1744,9,215,1592
15,3,AA,N574AA,156,12892,LAX,15016,STL,1200,1151,0,1735,1728,0,215,1592
16,4,AA,N4YAAA,156,12892,LAX,15016,STL,1200,1154,0,1735,1746,11,215,1592
17,5,AA,N484AA,156,12892,LAX,15016,STL,1200,1204,4,1735,1739,4,215,1592
18,6,AA,N455AA,156,12892,LAX,15016,STL,1200,1205,5,1735,1753,18,215,1592
19,7,AA,N568AA,156,12892,LAX,15016,STL,1200,1156,0,1735,1742,7,215,1592
20,1,AA,N403AA,156,12892,LAX,15016,STL,1200,1154,0,1735,1723,0,215,1592
21,2,AA,N4WJAA,156,12892,LAX,15016,STL,1200,1157,0,1735,1732,0,215,1592
22,3,AA,N575AA,156,12892,LAX,15016,STL,1200,1156,0,1735,1735,0,215,1592
23,4,AA,N472AA,156,12892,LAX,15016,STL,1200,1156,0,1735,1731,0,215,1592
24,5,AA,N590AA,156,12892,LAX,15016,STL,1200,1153,0,1735,1744,9,215,1592
25,6,AA,N4XYAA,156,12892,LAX,15016,STL,1200,1155,0,1735,1725,0,215,1592
26,7,AA,N467AA,156,12892,LAX,15016,STL,1200,1157,0,1735,1727,0,215,1592
27,1,AA,N4XYAA,156,12892,LAX,15016,STL,1200,1154,0,1735,1727,0,215,1592
28,2,AA,N570AA,156,12892,LAX,15016,STL,1200,1159,0,1735,1735,0,215,1592
29,3,AA,N4YDAA,156,12892,LAX,15016,STL,1200,1156,0,1735,1736,1,215,1592
30,4,AA,N475AA,156,12892,LAX,15016,STL,1200,1203,3,1735,1719,0,215,1592
31,5,AA,N587AA,156,12892,LAX,15016,STL,1200,1200,0,1735,1713,0,215,1592
1,3,AA,N4XBAA,156,15016,STL,12892,LAX,1820,1830,10,2035,2019,0,255,1592
2,4,AA,N202AA,156,15016,STL,12892,LAX,1820,1944,84,2035,2142,67,255,1592
3,5,AA,N530AA,156,15016,STL,12892,LAX,1820,1830,10,2035,2035,0,255,1592
4,6,AA,N424AA,156,15016,STL,12892,LAX,1820,1837,17,2035,2049,14,255,1592
6,1,AA,N202AA,156,15016,STL,12892,LAX,1820,1834,14,2035,2054,19,255,1592
7,2,AA,N4XBAA,156,15016,STL,12892,LAX,1820,1904,44,2035,2119,44,255,1592
8,3,AA,N473AA,156,15016,STL,12892,LAX,1820,1833,13,2035,2100,25,255,1592
9,4,AA,N4XKAA,156,15016,STL,12892,LAX,1820,1828,8,2035,2039,4,255,1592
10,5,AA,N438AA,156,15016,STL,12892,LAX,1820,1810,0,2035,2006,0,255,1592
11,6,AA,N567AA,156,15016,STL,12892,LAX,1820,1858,38,2035,2108,33,255,1592
12,7,AA,N474AA,156,15016,STL,12892,LAX,1820,1821,1,2035,2027,0,255,1592
13,1,AA,N4YAAA,156,15016,STL,12892,LAX,1820,1813,0,2035,2003,0,255,1592
14,2,AA,N4WNAA,156,15016,STL,12892,LAX,1820,1820,0,2035,2004,0,255,1592
15,3,AA,N574AA,156,15016,STL,12892,LAX,1820,1812,0,2035,1955,0,255,1592
16,4,AA,N4YAAA,156,15016,STL,12892,LAX,1820,1835,15,2035,2006,0,255,1592
17,5,AA,N484AA,156,15016,STL,12892,LAX,1820,1847,27,2035,2043,8,255,1592
18,6,AA,N455AA,156,15016,STL,12892,LAX,1820,1858,38,2035,2043,8,255,1592
19,7,AA,N568AA,156,15016,STL,12892,LAX,1820,1822,2,2035,2028,0,255,1592
20,1,AA,N403AA,156,15016,STL,12892,LAX,1820,1820,0,2035,2022,0,255,1592
21,2,AA,N4WJAA,156,15016,STL,12892,LAX,1820,1814,0,2035,2039,4,255,1592
22,3,AA,N575AA,156,15016,STL,12892,LAX,1820,1817,0,2035,2016,0,255,1592
23,4,AA,N472AA,156,15016,STL,12892,LAX,1820,1834,14,2035,2026,0,255,1592
24,5,AA,N590AA,156,15016,STL,12892,LAX,1820,1833,13,2035,2015,0,255,1592
25,6,AA,N467AA,156,15016,STL,12892,LAX,1820,1811,0,2035,1956,0,255,1592
26,7,AA,N467AA,156,15016,STL,12892,LAX,1820,1813,0,2035,2022,0,255,1592
27,1,AA,N4XYAA,156,15016,STL,12892,LAX,1820,1816,0,2035,2027,0,255,1592
28,2,AA,N570AA,156,15016,STL,12892,LAX,1820,1826,6,2035,2015,0,255,1592
29,3,AA,N4YDAA,156,15016,STL,12892,LAX,1820,1818,0,2035,2011,0,255,1592
30,4,AA,N475AA,156,15016,STL,12892,LAX,1820,1818,0,2035,2109,34,255,1592
31,5,AA,N587AA,156,15016,STL,12892,LAX,1820,1812,0,2035,2130,55,255,1592
1,3,AA,N565AA,157,11298,DFW,14057,PDX,1245,1247,2,1455,1500,5,250,1616
2,4,AA,N4XMAA,157,11298,DFW,14057,PDX,1245,1252,7,1455,1458,3,250,1616
3,5,AA,N201AA,157,11298,DFW,14057,PDX,1245,1243,0,1455,1456,1,250,1616
4,6,AA,N4YHAA,157,11298,DFW,14057,PDX,1245,1248,3,1455,1508,13,250,1616
5,7,AA,N4XNAA,157,11298,DFW,14057,PDX,1245,1252,7,1455,1517,22,250,1616
6,1,AA,N439AA,157,11298,DFW,14057,PDX,1245,1247,2,1455,1449,0,250,1616
7,2,AA,N4XJAA,157,11298,DFW,14057,PDX,1245,1244,0,1455,1455,0,250,1616
8,3,AA,N476AA,157,11298,DFW,14057,PDX,1245,1328,43,1455,1543,48,250,1616
9,4,AA,N566AA,157,11298,DFW,14057,PDX,1245,1343,58,1455,1605,70,250,1616
10,5,AA,N4YDAA,157,11298,DFW,14057,PDX,1245,1305,20,1455,1526,31,250,1616
11,6,AA,N477AA,157,11298,DFW,14057,PDX,1245,1245,0,1455,1455,0,250,1616
12,7,AA,N202AA,157,11298,DFW,14057,PDX,1245,1248,3,1455,1500,5,250,1616
13,1,AA,N4YPAA,157,11298,DFW,14057,PDX,1245,1241,0,1455,1450,0,250,1616
14,2,AA,N550AA,157,11298,DFW,14057,PDX,1245,1245,0,1455,1503,8,250,1616
15,3,AA,N4WSAA,157,11298,DFW,14057,PDX,1245,1247,2,1455,1455,0,250,1616
16,4,AA,N598AA,157,11298,DFW,14057,PDX,1245,1246,1,1455,1456,1,250,1616
17,5,AA,N4XLAA,157,11298,DFW,14057,PDX,1245,1251,6,1455,1501,6,250,1616
18,6,AA,N569AA,157,11298,DFW,14057,PDX,1245,1249,4,1455,1450,0,250,1616
19,7,AA,N468AA,157,11298,DFW,14057,PDX,1245,1243,0,1455,1443,0,250,1616
20,1,AA,N4YMAA,157,11298,DFW,14057,PDX,1245,1241,0,1455,1450,0,250,1616
21,2,AA,N4XJAA,157,11298,DFW,14057,PDX,1245,1241,0,1455,1440,0,250,1616
22,3,AA,N4YJAA,157,11298,DFW,14057,PDX,1245,1258,13,1455,1509,14,250,1616
23,4,AA,N4XMAA,157,11298,DFW,14057,PDX,1245,1250,5,1455,1436,0,250,1616
24,5,AA,N437AA,157,11298,DFW,14057,PDX,1245,1240,0,1455,1435,0,250,1616
25,6,AA,N4YAAA,157,11298,DFW,14057,PDX,1245,1251,6,1455,1448,0,250,1616
26,7,AA,N4XRAA,157,11298,DFW,14057,PDX,1245,1321,36,1455,1529,34,250,1616
27,1,AA,N569AA,157,11298,DFW,14057,PDX,1245,1249,4,1455,1510,15,250,1616
28,2,AA,N591AA,157,11298,DFW,14057,PDX,1245,1240,0,1455,1505,10,250,1616
29,3,AA,N4YUAA,157,11298,DFW,14057,PDX,1245,1245,0,1455,1500,5,250,1616
30,4,AA,N4XGAA,157,11298,DFW,14057,PDX,1245,1253,8,1455,1503,8,250,1616
31,5,AA,N4YMAA,157,11298,DFW,14057,PDX,1245,1344,59,1455,1553,58,250,1616
1,3,AA,N565AA,157,14057,PDX,11298,DFW,1535,1545,10,2110,2114,4,215,1616
2,4,AA,N4XMAA,157,14057,PDX,11298,DFW,1535,1533,0,2110,2126,16,215,1616
3,5,AA,N201AA,157,14057,PDX,11298,DFW,1535,1535,0,2110,2056,0,215,1616
4,6,AA,N4YHAA,157,14057,PDX,11298,DFW,1535,1545,10,2110,2100,0,215,1616
5,7,AA,N4XNAA,157,14057,PDX,11298,DFW,1535,1552,17,2110,2105,0,215,1616
6,1,AA,N439AA,157,14057,PDX,11298,DFW,1535,1534,0,2110,2114,4,215,1616
7,2,AA,N4XJAA,157,14057,PDX,11298,DFW,1535,1532,0,2110,2140,30,215,1616
8,3,AA,N476AA,157,14057,PDX,11298,DFW,1535,1621,46,2110,2158,48,215,1616
9,4,AA,N566AA,157,14057,PDX,11298,DFW,1535,1639,64,2110,2204,54,215,1616
10,5,AA,N4YDAA,157,14057,PDX,11298,DFW,1535,1558,23,2110,2120,10,215,1616
11,6,AA,N477AA,157,14057,PDX,11298,DFW,1535,1529,0,2110,2056,0,215,1616
